VATTENID	NAMN	LOKALNAMN	DATUM1	NETTYP	NETKOD	NETNR	ZON	NabborB	BabborB	NgäddaB	BgäddaB	NlakeB	BlakeB	NmörtB	BmörtB	Narter	NtotalB	BtotalB	MviktB	AbCyW	pCyp	mlg10Labbo	mlg10Lmört	nPiscAbb-Net	BpiscAbbB-Net	gmLabboB	gmLmörtB	pPiscPerc
683673-154083	Stensjön	Hela sjön	19940802	B	Bnord12	1	0	34	1612	0	0			18	885	2	52	2497	48.02	1.82	0.35	2.22	2.22	23.70	1385.35	164.62	167.85	0.55
683673-154083	Stensjön	Hela sjön	19940802	B	Bnord12	2	3	23	1428	0	0			16	833	2	39	2261	57.97	1.71	0.37	2.22	2.19	14.72	1120.84	166.79	155.67	0.50
683673-154083	Stensjön	Hela sjön	19940802	B	Bnord12	3	0	25	1874	0	0			15	320	2	40	2194	54.85	5.86	0.15	2.28	2.13	21.93	1779.80	189.34	134.22	0.81
683673-154083	Stensjön	Hela sjön	19940802	B	Bnord12	4	3	10	418	1	436			5	411	3	16	1265	79.06	1.02	0.32	2.21	2.29	6.93	329.16	161.74	196.52	0.26
683673-154083	Stensjön	Hela sjön	19940802	B	Bnord12	5	0	13	805	1	14			26	935	3	40	1754	43.85	0.86	0.53	2.22	2.15	8.75	760.00	166.38	141.87	0.43
683673-154083	Stensjön	Hela sjön	19940802	B	Bnord12	6	3	29	1178	0	0			6	451	2	35	1629	46.54	2.61	0.28	2.19	2.30	16.45	898.49	155.71	198.88	0.55
683673-154083	Stensjön	Hela sjön	19940802	B	Bnord12	7	6	6	301	0	0			1	155	2	7	456	65.14	1.94	0.34	2.24	2.40	4.85	272.91	172.20	254.00	0.60
683673-154083	Stensjön	Hela sjön	19940802	B	Bnord12	8	6	1	53	0	0			0	0	1	1	53	53.00		0.00	2.25		0.95	51.41	177.00		0.97
683673-154083	Stensjön	Hela sjön	19940802	B	Bnord12	9	3	16	675	0	0			13	578	2	29	1253	43.21	1.17	0.46	2.18	2.20	7.98	506.28	152.70	158.72	0.40
683673-154083	Stensjön	Hela sjön	19940802	B	Bnord12	10	0	24	847	1	1322			22	720	3	47	2889	61.47	1.18	0.25	2.15	2.14	10.77	594.25	141.68	137.72	0.21
683673-154083	Stensjön	Hela sjön	19940802	B	Bnord12	11	0	13	542	0	0			25	546	2	38	1088	28.63	0.99	0.50	2.12	2.08	8.48	487.38	132.67	121.55	0.45
683673-154083	Stensjön	Hela sjön	19940802	B	Bnord12	12	3	24	833	0	0			4	304	2	28	1137	40.61	2.74	0.27	2.18	2.29	13.10	572.37	152.55	193.56	0.50
683673-154083	Stensjön	Hela sjön	19940802	B	Bnord12	13	6	8	321	0	0			1	84	2	9	405	45.00	3.82	0.21	2.21	2.32	5.77	248.22	163.09	209.00	0.61
683673-154083	Stensjön	Hela sjön	19940802	B	Bnord12	14	3	27	1142	0	0			8	398	2	35	1540	44.00	2.87	0.26	2.20	2.20	17.43	946.16	157.31	156.93	0.61
683673-154083	Stensjön	Hela sjön	19940802	B	Bnord12	15	0	16	1136	0	0			12	1023	2	28	2159	77.11	1.11	0.47	2.25	2.29	12.38	1002.65	179.63	195.80	0.46
683673-154083	Stensjön	Hela sjön	19940802	B	Bnord12	16	6	6	302	0	0			0	0	1	6	302	50.33		0.00	2.24		5.13	274.41	173.08		0.91
683673-154083	Stensjön	Hela sjön	19940802	B	Bnord12	17	6	0	0	0	0			0	0	0	0	0										
683673-154083	Stensjön	Hela sjön	19940802	B	Bnord12	18	6	5	291	0	0			3	274	2	8	565	70.63	1.06	0.48	2.24	2.32	3.65	255.07	174.00	210.07	0.45
683673-154083	Stensjön	Hela sjön	19940802	B	Bnord12	19	6	2	124	0	0			3	116	2	5	240	48.00	1.07	0.48	2.27	2.18	1.95	128.91	187.21	151.49	0.54
683673-154083	Stensjön	Hela sjön	19940802	B	Bnord12	20	6	5	225	0	0			0	0	1	5	225	45.00		0.00	2.23		4.18	201.42	170.15		0.90
683673-154083	Stensjön	Hela sjön	19940802	B	Bnord12	21	3	43	1466	0	0			11	675	2	54	2141	39.65	2.17	0.32	2.17	2.23	22.45	1013.81	148.11	168.24	0.47
683673-154083	Stensjön	Hela sjön	19940802	B	Bnord12	22	0	28	1074	0	0			10	421	2	38	1495	39.34	2.55	0.28	2.16	2.19	13.97	872.47	143.66	155.98	0.58
683673-154083	Stensjön	Hela sjön	19940802	B	Bnord12	23	3	36	946	1	535			7	382	3	44	1863	42.34	2.48	0.21	2.12	2.21	13.55	589.61	132.65	161.22	0.32
683673-154083	Stensjön	Hela sjön	19940802	B	Bnord12	24	0	25	1676	0	0			23	512	2	48	2188	45.58	3.27	0.23	2.25	2.10	19.98	1576.24	179.50	126.01	0.72
683673-154083	Stensjön	Hela sjön	19950810	B	Bnord12	1	6	0	0	0	0			1	123	1	1	123	123.00	0.00	1.00		2.38				238.00	
683673-154083	Stensjön	Hela sjön	19950810	B	Bnord12	2	6	0	0	0	0			1	111	1	1	111	111.00	0.00	1.00		2.36				230.00	
683673-154083	Stensjön	Hela sjön	19950810	B	Bnord12	3	3	43	1050	0	0			9	628	2	52	1678	32.27	1.67	0.37	2.11	2.28	14.65	565.85	129.12	190.10	0.34
683673-154083	Stensjön	Hela sjön	19950810	B	Bnord12	4	0	8	470	0	0			24	609	2	32	1079	33.72	0.77	0.56	2.18	2.15	5.23	404.42	150.05	139.66	0.37
683673-154083	Stensjön	Hela sjön	19950810	B	Bnord12	5	0	7	337	0	0			18	687	2	25	1024	40.96	0.49	0.67	2.23	2.20	5.30	300.33	170.66	157.45	0.29
683673-154083	Stensjön	Hela sjön	19950810	B	Bnord12	6	3	10	362	0	0			14	682	2	24	1044	43.50	0.53	0.65	2.15	2.24	5.62	301.71	140.66	173.52	0.29
683673-154083	Stensjön	Hela sjön	19950810	B	Bnord12	7	3	20	870	0	0			13	543	2	33	1413	42.82	1.60	0.38	2.14	2.20	9.07	727.61	136.54	159.10	0.51
683673-154083	Stensjön	Hela sjön	19950810	B	Bnord12	8	0	8	757	0	0			11	790	2	19	1547	81.42	0.96	0.51	2.29	2.26	6.67	750.23	195.11	180.55	0.48
683673-154083	Stensjön	Hela sjön	19950810	B	Bnord12	9	0	12	518	1	260			19	919	3	32	1697	53.03	0.56	0.54	2.12	2.20	5.70	444.28	131.46	158.36	0.26
683673-154083	Stensjön	Hela sjön	19950810	B	Bnord12	10	3	22	795	0	0			9	370	2	31	1165	37.58	2.15	0.32	2.08	2.23	8.38	479.13	121.59	170.28	0.41
683673-154083	Stensjön	Hela sjön	19950810	B	Bnord12	11	3	37	1538	0	0			26	822	2	63	2360	37.46	1.87	0.35	2.20	2.18	24.62	1238.05	159.20	150.10	0.52
683673-154083	Stensjön	Hela sjön	19950810	B	Bnord12	12	6	0	0	0	0			1	47	1	1	47	47.00	0.00	1.00		2.25				176.00	
683673-154083	Stensjön	Hela sjön	19950810	B	Bnord12	13	6	7	299	0	0			3	281	2	10	580	58.00	1.06	0.48	2.22	2.32	5.23	242.48	164.93	211.28	0.42
683673-154083	Stensjön	Hela sjön	19950810	B	Bnord12	14	3	13	739	1	606			10	790	3	24	2135	88.96	0.94	0.37	2.15	2.27	5.87	574.41	140.54	186.67	0.27
683673-154083	Stensjön	Hela sjön	19950810	B	Bnord12	15	0	15	721	1	966			26	1170	3	42	2857	68.02	0.62	0.41	2.21	2.19	10.97	648.78	162.04	155.03	0.23
683673-154083	Stensjön	Hela sjön	19950810	B	Bnord12	16	0	12	973	0	0			25	977	2	37	1950	52.70	1.00	0.50	2.27	2.19	9.70	921.69	186.69	155.86	0.47
683673-154083	Stensjön	Hela sjön	19950810	B	Bnord12	17	3	15	427	0	0			12	548	2	27	975	36.11	0.78	0.56	2.15	2.20	5.83	474.43	141.88	156.70	0.49
683673-154083	Stensjön	Hela sjön	19950810	B	Bnord12	18	0	30	1628	0	0			33	2158	2	63	3786	60.10	0.75	0.57	2.12	2.24	13.65	1236.78	132.14	174.74	0.33
683673-154083	Stensjön	Hela sjön	19950810	B	Bnord12	19	6	12	506	0	0			2	155	2	14	661	47.21	3.26	0.23	2.22	2.32	8.87	447.68	165.33	210.76	0.68
683673-154083	Stensjön	Hela sjön	19950810	B	Bnord12	20	3	42	1238	0	0			18	1680	2	60	2918	48.63	0.74	0.58	2.11	2.32	14.28	852.80	128.43	208.05	0.29
683673-154083	Stensjön	Hela sjön	19950810	B	Bnord12	21	6	4	256	0	0			1	107	2	5	363	72.60	2.39	0.29	2.26	2.36	3.33	249.56	182.53	228.00	0.69
683673-154083	Stensjön	Hela sjön	19950810	B	Bnord12	22	6	0	0	0	0			0	0	0	0	0										
683673-154083	Stensjön	Hela sjön	19950810	B	Bnord12	23	6	3	140	0	0			3	313	2	6	453	75.50	0.45	0.69	2.23	2.35	2.40	123.27	169.46	223.26	0.27
683673-154083	Stensjön	Hela sjön	19950810	B	Bnord12	24	0	16	860	0	0			32	721	2	48	1581	32.94	1.19	0.46	2.24	2.09	13.03	819.65	173.41	122.58	0.52
683673-154083	Stensjön	Hela sjön	19960809	B	Bnord12	1	3	17	630	0	0			13	881	2	30	1511	50.37	0.72	0.58	2.14	2.23	6.50	445.09	138.96	169.65	0.29
683673-154083	Stensjön	Hela sjön	19960809	B	Bnord12	2	0	15	547	0	0			25	748	2	40	1295	32.38	0.73	0.58	2.13	2.09	5.77	439.97	133.59	122.06	0.34
683673-154083	Stensjön	Hela sjön	19960809	B	Bnord12	3	3	31	939	0	0			15	991	2	46	1930	41.96	0.95	0.51	2.14	2.21	12.07	596.75	137.45	161.13	0.31
683673-154083	Stensjön	Hela sjön	19960809	B	Bnord12	4	0	16	653	1	411			15	753	3	32	1817	56.78	0.87	0.41	2.19	2.19	9.37	511.42	154.33	154.67	0.28
683673-154083	Stensjön	Hela sjön	19960809	B	Bnord12	5	3	18	647	0	0			18	955	2	36	1602	44.50	0.68	0.60	2.14	2.20	7.67	512.55	138.56	160.23	0.32
683673-154083	Stensjön	Hela sjön	19960809	B	Bnord12	6	3	13	460	0	0			1	164	2	14	624	44.57	2.80	0.26	2.16	2.40	5.80	292.44	143.97	249.00	0.47
683673-154083	Stensjön	Hela sjön	19960809	B	Bnord12	7	0	32	657	0	0			21	1372	2	53	2029	38.28	0.48	0.68	2.07	2.19	5.35	282.28	117.74	155.51	0.14
683673-154083	Stensjön	Hela sjön	19960809	B	Bnord12	8	0	13	522	0	0			24	1246	2	37	1768	47.78	0.42	0.70	2.14	2.16	4.68	370.37	139.47	145.08	0.21
683673-154083	Stensjön	Hela sjön	19960809	B	Bnord12	9	3	13	558	0	0			7	637	2	20	1195	59.75	0.88	0.53	2.19	2.32	7.75	442.87	156.63	207.82	0.37
683673-154083	Stensjön	Hela sjön	19960809	B	Bnord12	10	3	22	588	0	0			17	778	2	39	1366	35.03	0.76	0.57	2.09	2.17	4.07	289.69	123.30	149.15	0.21
683673-154083	Stensjön	Hela sjön	19960809	B	Bnord12	11	0	24	691	0	0			7	268	2	31	959	30.94	2.58	0.28	2.11	2.18	7.38	392.43	128.18	150.61	0.41
683673-154083	Stensjön	Hela sjön	19960809	B	Bnord12	12	3	17	616	0	0			12	695	2	29	1311	45.21	0.89	0.53	2.17	2.23	9.23	488.60	147.42	168.69	0.37
683673-154083	Stensjön	Hela sjön	19960809	B	Bnord12	13	0	38	734	0	0			22	1056	2	60	1790	29.83	0.70	0.59	2.05	2.22	5.50	324.78	112.76	164.78	0.18
683673-154083	Stensjön	Hela sjön	19960809	B	Bnord12	14	3	5	192	0	0			13	821	2	18	1013	56.28	0.23	0.81	2.18	2.23	2.60	137.71	151.07	169.60	0.14
683673-154083	Stensjön	Hela sjön	19960809	B	Bnord12	15	0	13	775	0	0			31	888	2	44	1663	37.80	0.87	0.53	2.22	2.15	9.27	669.87	167.80	140.07	0.40
683673-154083	Stensjön	Hela sjön	19960809	B	Bnord12	16	0	24	524	0	0			15	485	2	39	1009	25.87	1.08	0.48	2.05	2.13	5.48	342.10	112.95	134.98	0.34
683673-154083	Stensjön	Hela sjön	19960809	B	Bnord12	17	6	0	0	0	0			1	133	1	1	133	133.00	0.00	1.00		2.37				235.00	
683673-154083	Stensjön	Hela sjön	19960809	B	Bnord12	18	6	2	102	0	0			1	134	2	3	236	78.67	0.76	0.57	2.24	2.38	1.77	89.22	172.97	240.00	0.38
683673-154083	Stensjön	Hela sjön	19960809	B	Bnord12	19	6	0	0	0	0			0	0	0	0	0										
683673-154083	Stensjön	Hela sjön	19960809	B	Bnord12	20	6	0	0	0	0			2	193	1	2	193	96.50	0.00	1.00		2.33				212.24	
683673-154083	Stensjön	Hela sjön	19960809	B	Bnord12	21	6	0	0	0	0			0	0	0	0	0										
683673-154083	Stensjön	Hela sjön	19960809	B	Bnord12	22	6	0	0	0	0			1	140	1	1	140	140.00	0.00	1.00		2.37				237.00	
683673-154083	Stensjön	Hela sjön	19960809	B	Bnord12	23	6	4	189	0	0			5	599	2	9	788	87.56	0.32	0.76	2.23	2.36	3.30	165.78	170.74	227.03	0.21
683673-154083	Stensjön	Hela sjön	19960809	B	Bnord12	24	6	2	114	0	0			6	751	2	8	865	108.13	0.15	0.87	2.25	2.36	1.73	107.33	179.74	227.26	0.12
683673-154083	Stensjön	Hela sjön	19970824	B	Bnord12	1	0	9	702	0	0			17	195	2	26	897	34.50	3.60	0.22	2.20	2.01	5.48	707.43	158.82	102.21	0.79
683673-154083	Stensjön	Hela sjön	19970824	B	Bnord12	2	0	7	565	1	6			11	673	3	19	1244	65.47	0.84	0.54	2.23	2.25	3.73	526.45	168.71	177.16	0.42
683673-154083	Stensjön	Hela sjön	19970824	B	Bnord12	3	0	18	1001	1	450			5	225	3	24	1676	69.83	4.45	0.13	2.21	2.20	11.83	963.78	163.72	156.93	0.58
683673-154083	Stensjön	Hela sjön	19970824	B	Bnord12	4	3	53	1295	0	0			22	1243	2	75	2538	33.84	1.04	0.49	2.11	2.24	17.45	740.07	128.51	172.76	0.29
683673-154083	Stensjön	Hela sjön	19970824	B	Bnord12	5	3	27	679	1	726			21	832	3	49	2237	45.65	0.82	0.37	2.13	2.17	9.23	328.42	134.42	146.50	0.15
683673-154083	Stensjön	Hela sjön	19970824	B	Bnord12	6	3	47	1436	0	0			23	945	2	70	2381	34.01	1.52	0.40	2.13	2.17	20.00	865.81	134.84	147.12	0.36
683673-154083	Stensjön	Hela sjön	19970824	B	Bnord12	7	6	0	0	0	0			1	137	1	1	137	137.00	0.00	1.00		2.39				245.00	
683673-154083	Stensjön	Hela sjön	19970824	B	Bnord12	8	6	0	0	0	0			0	0	0	0	0										
683673-154083	Stensjön	Hela sjön	19970824	B	Bnord12	9	0	14	509	1	2234			20	911	3	35	3654	104.40	0.56	0.25	2.11	2.22	6.00	354.86	129.46	166.98	0.10
683673-154083	Stensjön	Hela sjön	19970824	B	Bnord12	10	0	13	699	0	0			23	778	2	36	1477	41.03	0.90	0.53	2.23	2.16	9.10	600.15	168.74	145.08	0.41
683673-154083	Stensjön	Hela sjön	19970824	B	Bnord12	11	0	54	1065	0	0			8	341	2	62	1406	22.68	3.12	0.24	1.84	2.20	7.40	1014.72	68.48	157.68	0.72
683673-154083	Stensjön	Hela sjön	19970824	B	Bnord12	12	3	13	338	0	0			12	521	2	25	859	34.36	0.65	0.61	2.12	2.20	3.43	212.71	130.62	158.41	0.25
683673-154083	Stensjön	Hela sjön	19970824	B	Bnord12	13	3	16	640	0	0			12	447	2	28	1087	38.82	1.43	0.41	2.18	2.19	9.00	495.12	149.99	154.81	0.46
683673-154083	Stensjön	Hela sjön	19970824	B	Bnord12	14	3	38	760	0	0			15	661	2	53	1421	26.81	1.15	0.47	2.08	2.20	8.60	311.14	120.54	160.02	0.22
683673-154083	Stensjön	Hela sjön	19970824	B	Bnord12	15	6	0	0	0	0			0	0	0	0	0										
683673-154083	Stensjön	Hela sjön	19970824	B	Bnord12	16	6	0	0	0	0			0	0	0	0	0										
683673-154083	Stensjön	Hela sjön	19970824	B	Bnord12	17	0	4	252	0	0			14	706	2	18	958	53.22	0.36	0.74	2.24	2.20	2.95	215.24	174.80	159.02	0.22
683673-154083	Stensjön	Hela sjön	19970824	B	Bnord12	18	0	25	1159	0	0			14	468	2	39	1627	41.72	2.48	0.29	2.12	2.13	10.92	939.76	132.93	136.10	0.58
683673-154083	Stensjön	Hela sjön	19970824	B	Bnord12	19	3	19	460	0	0			10	460	2	29	920	31.72	1.00	0.50	2.10	2.21	5.53	208.64	124.82	161.89	0.23
683673-154083	Stensjön	Hela sjön	19970824	B	Bnord12	20	3	25	681	0	0			22	609	2	47	1290	27.45	1.12	0.47	2.13	2.13	8.67	329.67	135.97	135.39	0.26
683673-154083	Stensjön	Hela sjön	19970824	B	Bnord12	21	6	0	0	0	0			0	0	0	0	0										
683673-154083	Stensjön	Hela sjön	19970824	B	Bnord12	22	6	6	365	0	0			6	313	2	12	678	56.50	1.17	0.46	2.26	2.23	5.38	334.57	181.02	171.72	0.49
683673-154083	Stensjön	Hela sjön	19970824	B	Bnord12	23	6	0	0	0	0			0	0	0	0	0										
683673-154083	Stensjön	Hela sjön	19970824	B	Bnord12	24	6	0	0	0	0			0	0	0	0	0										
683673-154083	Stensjön	Hela sjön	19980809	B	Bnord12	1	3	25	1042	1	325			8	625	3	34	1992	58.59	1.67	0.31	2.17	2.28	14.02	836.53	148.65	192.08	0.42
683673-154083	Stensjön	Hela sjön	19980809	B	Bnord12	2	0	21	683	1	821			8	244	3	30	1748	58.27	2.80	0.14	2.13	2.13	7.35	477.49	136.11	135.72	0.27
683673-154083	Stensjön	Hela sjön	19980809	B	Bnord12	3	3	6	215	0	0			17	1498	2	23	1713	74.48	0.14	0.87	2.18	2.25	3.53	152.73	150.33	179.77	0.09
683673-154083	Stensjön	Hela sjön	19980809	B	Bnord12	4	0	21	890	0	0			11	645	2	32	1535	47.97	1.38	0.42	2.14	2.25	8.82	586.52	137.01	179.50	0.38
683673-154083	Stensjön	Hela sjön	19980809	B	Bnord12	5	3	20	481	0	0			21	1034	2	41	1515	36.95	0.47	0.68	2.08	2.19	5.43	289.16	120.29	154.30	0.19
683673-154083	Stensjön	Hela sjön	19980809	B	Bnord12	6	6	0	0	0	0			1	146	1	1	146	146.00	0.00	1.00		2.39				243.00	
683673-154083	Stensjön	Hela sjön	19980809	B	Bnord12	7	6	1	95	0	0			0	0	1	1	95	95.00		0.00	2.32		1.00	93.59	210.00		0.99
683673-154083	Stensjön	Hela sjön	19980809	B	Bnord12	8	0	15	477	0	0			7	412	2	22	889	40.41	1.16	0.46	2.12	2.23	5.15	315.61	132.20	171.29	0.36
683673-154083	Stensjön	Hela sjön	19980809	B	Bnord12	9	6	0	0	0	0			1	122	1	1	122	122.00	0.00	1.00		2.39				243.00	
683673-154083	Stensjön	Hela sjön	19980809	B	Bnord12	10	6	0	0	0	0			2	60	1	2	60	30.00	0.00	1.00		2.17				146.94	
683673-154083	Stensjön	Hela sjön	19980809	B	Bnord12	11	3	46	936	1	469			9	1038	3	56	2443	43.63	0.90	0.42	2.05	2.32	8.02	500.96	113.23	206.74	0.21
683673-154083	Stensjön	Hela sjön	19980809	B	Bnord12	12	3	12	708	0	0			5	585	2	17	1293	76.06	1.21	0.45	2.24	2.39	9.30	599.72	173.64	244.87	0.46
683673-154083	Stensjön	Hela sjön	19980809	B	Bnord12	13	0	15	398	0	0			4	210	2	19	608	32.00	1.90	0.35	2.08	2.22	3.67	219.32	120.69	167.05	0.36
683673-154083	Stensjön	Hela sjön	19980809	B	Bnord12	14	3	40	478	0	0			11	757	2	51	1235	24.22	0.63	0.61	2.01	2.26	3.12	106.57	102.41	182.82	0.09
683673-154083	Stensjön	Hela sjön	19980809	B	Bnord12	15	0	12	1149	0	0			3	88	2	15	1237	82.47	13.06	0.07	2.30	2.16	10.43	1146.03	201.14	143.44	0.93
683673-154083	Stensjön	Hela sjön	19980809	B	Bnord12	16	3	15	458	0	0			8	619	2	23	1077	46.83	0.74	0.57	2.15	2.29	6.60	290.53	141.10	195.17	0.27
683673-154083	Stensjön	Hela sjön	19980809	B	Bnord12	17	6	0	0	0	0			0	0	0	0	0										
683673-154083	Stensjön	Hela sjön	19980809	B	Bnord12	18	6	0	0	0	0			0	0	0	0	0										
683673-154083	Stensjön	Hela sjön	19980809	B	Bnord12	19	6	2	90	0	0			1	159	2	3	249	83.00	0.57	0.64	2.23	2.39	1.50	82.69	168.37	243.00	0.33
683673-154083	Stensjön	Hela sjön	19980809	B	Bnord12	20	6	0	0	0	0			1	119	1	1	119	119.00	0.00	1.00		2.37				237.00	
683673-154083	Stensjön	Hela sjön	19980809	B	Bnord12	21	0	39	822	0	0			1	70	2	40	892	22.30	11.74	0.08	2.06	2.28	7.92	470.25	114.36	192.00	0.53
683673-154083	Stensjön	Hela sjön	19980809	B	Bnord12	22	3	5	122	0	0			14	1119	2	19	1241	65.32	0.11	0.90	2.12	2.29	1.87	76.05	130.41	196.22	0.06
683673-154083	Stensjön	Hela sjön	19980809	B	Bnord12	23	0	13	353	0	0			17	1099	2	30	1452	48.40	0.32	0.76	2.08	2.25	5.13	241.33	121.31	179.21	0.17
683673-154083	Stensjön	Hela sjön	19980809	B	Bnord12	24	0	15	865	0	0			13	455	2	28	1320	47.14	1.90	0.34	2.17	2.16	7.62	737.89	148.57	143.76	0.56
683673-154083	Stensjön	Hela sjön	19990816	B	Bnord12	1	0	14	599	1	940	0	0	10	394	3	25	1933	77.32	1.52	0.20	2.16	2.19	5.05	451.62	143.31	156.12	0.23
683673-154083	Stensjön	Hela sjön	19990816	B	Bnord12	2	0	11	238	1	1035	0	0	9	260	3	21	1533	73.00	0.92	0.17	2.00	2.11	2.75	150.23	101.07	130.21	0.10
683673-154083	Stensjön	Hela sjön	19990816	B	Bnord12	3	0	28	1212	0	0	0	0	73	2088	2	101	3300	32.67	0.58	0.63	2.12	2.11	9.75	967.04	131.66	129.25	0.29
683673-154083	Stensjön	Hela sjön	19990816	B	Bnord12	4	3	15	1039	0	0	0	0	3	189	2	18	1228	68.22	5.50	0.15	2.25	2.20	11.57	968.07	178.21	160.01	0.79
683673-154083	Stensjön	Hela sjön	19990816	B	Bnord12	5	3	21	484	0	0	0	0	16	931	2	37	1415	38.24	0.52	0.66	2.10	2.18	4.35	234.36	126.98	152.13	0.17
683673-154083	Stensjön	Hela sjön	19990816	B	Bnord12	6	3	25	954	0	0	0	0	15	668	2	40	1622	40.55	1.43	0.41	2.16	2.17	9.33	651.52	144.69	148.45	0.40
683673-154083	Stensjön	Hela sjön	19990816	B	Bnord12	7	6	0	0	0	0	0	0	0	0	0	0	0										
683673-154083	Stensjön	Hela sjön	19990816	B	Bnord12	8	6	2	171	0	0	0	0	11	315	2	13	486	37.38	0.54	0.65	2.30	2.14	2.00	169.40	200.55	136.99	0.35
683673-154083	Stensjön	Hela sjön	19990816	B	Bnord12	9	0	25	678	0	0	0	0	18	585	2	43	1263	29.37	1.16	0.46	2.09	2.11	5.97	416.01	122.89	128.63	0.33
683673-154083	Stensjön	Hela sjön	19990816	B	Bnord12	10	0	29	524	0	0	0	0	9	478	2	38	1002	26.37	1.10	0.48	2.03	2.18	4.22	264.34	107.21	150.19	0.26
683673-154083	Stensjön	Hela sjön	19990816	B	Bnord12	11	0	25	758	1	380	1	21	13	578	4	40	1737	43.43	1.31	0.33	2.09	2.20	8.15	573.29	124.39	158.53	0.33
683673-154083	Stensjön	Hela sjön	19990816	B	Bnord12	12	3	18	474	1	654	0	0	10	279	3	29	1407	48.52	1.70	0.20	2.13	2.09	4.90	220.70	135.61	122.00	0.16
683673-154083	Stensjön	Hela sjön	19990816	B	Bnord12	13	3	30	640	1	568	0	0	8	596	3	39	1804	46.26	1.07	0.33	2.10	2.25	3.43	186.17	124.61	179.85	0.10
683673-154083	Stensjön	Hela sjön	19990816	B	Bnord12	14	3	17	526	1	731	0	0	8	398	3	26	1655	63.65	1.32	0.24	2.14	2.14	5.10	296.81	138.89	138.88	0.18
683673-154083	Stensjön	Hela sjön	19990816	B	Bnord12	15	6	15	730	0	0	0	0	4	341	2	19	1071	56.37	2.14	0.32	2.23	2.31	12.38	644.94	170.18	206.08	0.60
683673-154083	Stensjön	Hela sjön	19990816	B	Bnord12	16	6	0	0	0	0	0	0	1	133	1	1	133	133.00	0.00	1.00		2.38				240.00	
683673-154083	Stensjön	Hela sjön	19990816	B	Bnord12	17	0	17	520	0	0	0	0	14	547	2	31	1067	34.42	0.95	0.51	2.14	2.19	6.47	388.70	138.30	154.84	0.36
683673-154083	Stensjön	Hela sjön	19990816	B	Bnord12	18	0	6	162	1	3	0	0	26	832	3	33	997	30.21	0.19	0.83	2.07	2.15	1.10	98.30	117.81	142.39	0.10
683673-154083	Stensjön	Hela sjön	19990816	B	Bnord12	19	3	8	206	0	0	0	0	14	639	2	22	845	38.41	0.32	0.76	2.13	2.21	2.63	111.91	135.89	163.64	0.13
683673-154083	Stensjön	Hela sjön	19990816	B	Bnord12	20	3	11	375	0	0	0	0	11	433	2	22	808	36.73	0.87	0.54	2.15	2.19	4.78	262.55	142.31	153.74	0.32
683673-154083	Stensjön	Hela sjön	19990816	B	Bnord12	21	6	3	193	0	0	0	0	5	348	2	8	541	67.63	0.55	0.64	2.27	2.29	2.93	198.08	188.34	193.24	0.37
683673-154083	Stensjön	Hela sjön	19990816	B	Bnord12	22	6	5	217	0	0	0	0	3	283	2	8	500	62.50	0.77	0.57	2.21	2.31	3.43	184.36	162.52	204.41	0.37
683673-154083	Stensjön	Hela sjön	19990816	B	Bnord12	23	6	1	53	0	0	0	0	2	186	2	3	239	79.67	0.28	0.78	2.26	2.32	1.00	58.13	181.00	210.54	0.24
683673-154083	Stensjön	Hela sjön	19990816	B	Bnord12	24	6	0	0	0	0	0	0	0	0	0	0	0										
683673-154083	Stensjön	Hela sjön	20000811	B	Bnord12	1	0	23	637	0	0			12	706	2	35	1343	38.37	0.90	0.53	2.10	2.17	7.92	393.82	124.68	147.08	0.29
683673-154083	Stensjön	Hela sjön	20000811	B	Bnord12	2	3	21	1034	1	3037			10	506	3	32	4577	143.03	2.04	0.11	2.11	2.22	5.02	666.98	129.52	166.51	0.15
683673-154083	Stensjön	Hela sjön	20000811	B	Bnord12	3	0	26	1181	0	0			19	539	2	45	1720	38.22	2.19	0.31	2.18	2.08	12.27	858.32	150.67	120.75	0.50
683673-154083	Stensjön	Hela sjön	20000811	B	Bnord12	4	3	16	1263	1	644			4	369	3	21	2276	108.38	3.42	0.16	2.19	2.30	7.18	978.06	156.27	201.02	0.43
683673-154083	Stensjön	Hela sjön	20000811	B	Bnord12	5	0	29	912	0	0			22	779	2	51	1691	33.16	1.17	0.46	2.10	2.15	11.07	617.37	125.68	141.77	0.37
683673-154083	Stensjön	Hela sjön	20000811	B	Bnord12	6	3	37	1437	1	373			4	282	3	42	2092	49.81	5.10	0.13	2.13	2.26	12.75	856.36	136.11	182.95	0.41
683673-154083	Stensjön	Hela sjön	20000811	B	Bnord12	7	6	7	292	0	0			4	398	2	11	690	62.73	0.73	0.58	2.20	2.33	4.30	221.83	159.62	214.67	0.32
683673-154083	Stensjön	Hela sjön	20000811	B	Bnord12	8	6	3	135	0	0			2	162	2	5	297	59.40	0.83	0.55	2.21	2.31	2.18	105.89	163.92	204.36	0.36
683673-154083	Stensjön	Hela sjön	20000811	B	Bnord12	9	3	3	59	0	0			2	90	2	5	149	29.80	0.66	0.60	2.10	2.23	0.30	5.96	125.92	170.41	0.04
683673-154083	Stensjön	Hela sjön	20000811	B	Bnord12	10	0	4	123	1	745			16	458	3	21	1326	63.14	0.27	0.35	2.13	2.10	1.48	82.97	135.35	126.29	0.06
683673-154083	Stensjön	Hela sjön	20000811	B	Bnord12	11	0	21	611	0	0			13	280	2	34	891	26.21	2.18	0.31	2.08	2.15	7.25	418.08	119.54	141.98	0.47
683673-154083	Stensjön	Hela sjön	20000811	B	Bnord12	12	3	17	392	1	256			3	231	3	21	879	41.86	1.70	0.26	2.10	2.30	4.05	188.21	124.88	201.66	0.21
683673-154083	Stensjön	Hela sjön	20000811	B	Bnord12	13	6	5	140	1	1160			1	70	3	7	1370	195.71	2.00	0.05	2.15	2.28	1.85	72.76	141.17	191.00	0.05
683673-154083	Stensjön	Hela sjön	20000811	B	Bnord12	14	3	27	706	0	0			5	238	2	32	944	29.50	2.97	0.25	2.11	2.20	8.60	362.91	128.92	160.07	0.38
683673-154083	Stensjön	Hela sjön	20000811	B	Bnord12	15	0	41	600	1	459			8	574	3	50	1633	32.66	1.05	0.35	1.91	2.24	6.88	355.07	81.47	172.21	0.22
683673-154083	Stensjön	Hela sjön	20000811	B	Bnord12	16	6	1	60	0	0			3	224	2	4	284	71.00	0.27	0.79	2.25	2.29	0.98	55.16	179.00	196.15	0.19
683673-154083	Stensjön	Hela sjön	20000811	B	Bnord12	17	6	2	131	0	0			1	86	2	3	217	72.33	1.52	0.40	2.27	2.31	2.00	130.26	187.48	205.00	0.60
683673-154083	Stensjön	Hela sjön	20000811	B	Bnord12	18	6	4	95	0	0			1	168	2	5	263	52.60	0.57	0.64	2.13	2.41	1.05	29.02	135.31	255.00	0.11
683673-154083	Stensjön	Hela sjön	20000811	B	Bnord12	19	6	1	25	0	0			2	157	2	3	182	60.67	0.16	0.86	2.14	2.22	0.28	6.75	137.00	166.16	0.04
683673-154083	Stensjön	Hela sjön	20000811	B	Bnord12	20	6	3	107	0	0			3	173	2	6	280	46.67	0.62	0.62	2.19	2.22	1.73	62.38	154.56	167.14	0.22
683673-154083	Stensjön	Hela sjön	20000811	B	Bnord12	21	3	29	722	0	0			6	437	2	35	1159	33.11	1.65	0.38	2.09	2.26	7.67	315.36	123.88	181.68	0.27
683673-154083	Stensjön	Hela sjön	20000811	B	Bnord12	22	0	27	918	0	0			36	495	2	63	1413	22.43	1.85	0.35	2.08	1.98	10.62	639.58	119.78	94.41	0.45
683673-154083	Stensjön	Hela sjön	20000811	B	Bnord12	23	0	23	747	0	0			25	455	2	48	1202	25.04	1.64	0.38	2.06	2.13	6.13	360.87	113.52	134.14	0.30
683673-154083	Stensjön	Hela sjön	20000811	B	Bnord12	24	0	34	919	1	37			23	733	3	58	1689	29.12	1.25	0.43	2.08	2.14	7.58	481.62	121.04	136.97	0.29
683673-154083	Stensjön	Hela sjön	20010802	B	Bnord12	1	0	25	624	1	590			21	999	3	47	2213	47.09	0.62	0.45	2.09	2.16	7.82	343.53	122.71	143.29	0.16
683673-154083	Stensjön	Hela sjön	20010802	B	Bnord12	2	3	33	762	0	0			7	726	2	40	1488	37.20	1.05	0.49	2.09	2.32	8.43	362.53	123.37	209.07	0.24
683673-154083	Stensjön	Hela sjön	20010802	B	Bnord12	3	3	45	806	0	0			9	568	2	54	1374	25.44	1.42	0.41	2.06	2.26	6.03	281.45	114.81	180.42	0.20
683673-154083	Stensjön	Hela sjön	20010802	B	Bnord12	4	0	14	542	0	0			4	239	2	18	781	43.39	2.27	0.31	2.17	2.26	8.27	382.04	149.11	180.03	0.49
683673-154083	Stensjön	Hela sjön	20010802	B	Bnord12	5	6	8	286	0	0			0	0	1	8	286	35.75		0.00	2.18		3.98	169.78	150.04		0.59
683673-154083	Stensjön	Hela sjön	20010802	B	Bnord12	6	6	4	98	0	0			0	0	1	4	98	24.50		0.00	2.13		1.03	26.49	135.23		0.27
683673-154083	Stensjön	Hela sjön	20010802	B	Bnord12	7	3	44	859	0	0			7	293	2	51	1152	22.59	2.93	0.25	2.06	2.19	6.92	342.00	114.46	153.93	0.30
683673-154083	Stensjön	Hela sjön	20010802	B	Bnord12	8	0	7	267	1	2			21	583	3	29	852	29.38	0.46	0.68	2.15	2.13	2.93	170.34	141.36	135.02	0.20
683673-154083	Stensjön	Hela sjön	20010802	B	Bnord12	9	6	2	91	0	0			2	151	2	4	242	60.50	0.60	0.62	2.22	2.08	1.45	79.07	166.24	119.21	0.33
683673-154083	Stensjön	Hela sjön	20010802	B	Bnord12	10	6	0	0	0	0			0	0	0	0	0										
683673-154083	Stensjön	Hela sjön	20010802	B	Bnord12	11	0	26	753	0	0			114	1944	2	140	2697	19.26	0.39	0.72	2.03	2.03	5.40	371.54	106.08	107.34	0.14
683673-154083	Stensjön	Hela sjön	20010802	B	Bnord12	12	6	0	0	0	0			0	0	0	0	0										
683673-154083	Stensjön	Hela sjön	20010802	B	Bnord12	13	0	20	679	0	0			13	595	2	33	1274	38.61	1.14	0.47	2.11	2.20	9.15	495.83	129.91	156.98	0.39
683673-154083	Stensjön	Hela sjön	20010802	B	Bnord12	14	0	21	803	0	0			10	539	2	31	1342	43.29	1.49	0.40	2.12	2.20	5.70	587.33	130.76	157.71	0.44
683673-154083	Stensjön	Hela sjön	20010802	B	Bnord12	15	3	69	1428	0	0			33	645	2	102	2073	20.32	2.21	0.31	2.02	2.08	15.07	906.34	105.87	121.40	0.44
683673-154083	Stensjön	Hela sjön	20010802	B	Bnord12	16	0	22	1478	0	0			16	530	2	38	2008	52.84	2.79	0.26	2.23	2.07	16.52	1262.71	171.69	117.99	0.63
683673-154083	Stensjön	Hela sjön	20010802	B	Bnord12	17	0	23	521	0	0			15	636	2	38	1157	30.45	0.82	0.55	2.05	2.15	4.47	299.28	113.12	140.58	0.26
683673-154083	Stensjön	Hela sjön	20010802	B	Bnord12	18	6	7	341	0	0			0	0	1	7	341	48.71		0.00	2.22		5.35	272.08	165.61		0.80
683673-154083	Stensjön	Hela sjön	20010802	B	Bnord12	19	3	35	562	0	0			13	588	2	48	1150	23.96	0.96	0.51	2.03	2.18	4.73	164.80	108.10	150.21	0.14
683673-154083	Stensjön	Hela sjön	20010802	B	Bnord12	20	6	31	709	0	0			9	529	2	40	1238	30.95	1.34	0.43	2.11	2.23	6.62	298.40	127.87	169.61	0.24
683673-154083	Stensjön	Hela sjön	20010802	B	Bnord12	21	6	6	210	0	0			20	441	2	26	651	25.04	0.48	0.68	2.18	2.16	3.32	139.08	152.06	143.45	0.21
683673-154083	Stensjön	Hela sjön	20010802	B	Bnord12	22	3	55	1088	0	0			10	612	2	65	1700	26.15	1.78	0.36	2.06	2.24	8.25	386.13	115.81	175.64	0.23
683673-154083	Stensjön	Hela sjön	20010802	B	Bnord12	23	3	36	505	0	0			10	480	2	46	985	21.41	1.05	0.49	2.02	2.22	3.08	107.84	105.61	165.34	0.11
683673-154083	Stensjön	Hela sjön	20010802	B	Bnord12	24	3	16	482	0	0			15	480	2	31	962	31.03	1.00	0.50	2.13	2.18	7.05	298.59	135.89	152.01	0.31
683673-154083	Stensjön	Hela sjön	20020814	B	Bnord12	1	0	35	603	0	0			26	724	2	61	1327	21.75	0.83	0.55	2.02	2.10	6.27	287.51	105.71	124.57	0.22
683673-154083	Stensjön	Hela sjön	20020814	B	Bnord12	2	3	25	682	0	0			21	690	2	46	1372	29.83	0.99	0.50	2.11	2.11	5.02	327.96	127.83	127.54	0.24
683673-154083	Stensjön	Hela sjön	20020814	B	Bnord12	3	3	36	1290	1	590			9	395	3	46	2275	49.46	3.27	0.17	2.13	2.18	11.93	827.90	134.87	152.60	0.36
683673-154083	Stensjön	Hela sjön	20020814	B	Bnord12	4	0	35	714	0	0			29	685	2	64	1399	21.86	1.04	0.49	2.07	2.08	7.63	314.47	118.10	120.01	0.22
683673-154083	Stensjön	Hela sjön	20020814	B	Bnord12	5	6	11	343	0	0			2	292	2	13	635	48.85	1.17	0.46	2.17	2.39	5.03	192.69	146.56	245.41	0.30
683673-154083	Stensjön	Hela sjön	20020814	B	Bnord12	6	6	0	0	0	0			0	0	0	0	0										
683673-154083	Stensjön	Hela sjön	20020814	B	Bnord12	7	3	39	886	0	0			8	403	2	47	1289	27.43	2.20	0.31	2.09	2.22	9.97	347.15	123.56	166.49	0.27
683673-154083	Stensjön	Hela sjön	20020814	B	Bnord12	8	0	15	471	0	0			17	540	2	32	1011	31.59	0.87	0.53	2.12	2.16	6.40	302.31	132.19	142.90	0.30
683673-154083	Stensjön	Hela sjön	20020814	B	Bnord12	9	6	0	0	0	0			0	0	0	0	0										
683673-154083	Stensjön	Hela sjön	20020814	B	Bnord12	10	0	35	657	0	0			6	271	2	41	928	22.63	2.42	0.29	2.04	2.21	3.72	287.53	109.70	162.59	0.31
683673-154083	Stensjön	Hela sjön	20020814	B	Bnord12	11	6	0	0	0	0			0	0	0	0	0										
683673-154083	Stensjön	Hela sjön	20020814	B	Bnord12	12	6	1	36	0	0			0	0	1	1	36	36.00		0.00	2.21		0.72	29.78	163.00		0.83
683673-154083	Stensjön	Hela sjön	20020814	B	Bnord12	13	0	31	810	1	1235			18	851	3	50	2896	57.92	0.95	0.29	2.10	2.19	7.18	479.39	125.03	155.27	0.17
683673-154083	Stensjön	Hela sjön	20020814	B	Bnord12	14	0	35	1520	0	0			18	658	2	53	2178	41.09	2.31	0.30	2.12	2.13	8.75	891.30	132.82	135.95	0.41
683673-154083	Stensjön	Hela sjön	20020814	B	Bnord12	15	3	21	572	0	0			6	233	2	27	805	29.81	2.45	0.29	2.13	2.20	8.87	509.59	133.58	158.52	0.63
683673-154083	Stensjön	Hela sjön	20020814	B	Bnord12	16	0	8	353	1	133			9	244	3	18	730	40.56	1.45	0.33	2.15	2.14	2.23	247.05	141.98	138.97	0.34
683673-154083	Stensjön	Hela sjön	20020814	B	Bnord12	17	6	0	0	0	0			0	0	0	0	0										
683673-154083	Stensjön	Hela sjön	20020814	B	Bnord12	18	0	27	1040	0	0			9	315	2	36	1355	37.64	3.30	0.23	2.11	2.16	9.42	805.63	128.87	143.29	0.59
683673-154083	Stensjön	Hela sjön	20020814	B	Bnord12	19	3	171	3478	1	647			8	395	3	180	4520	25.11	8.81	0.09	2.10	2.22	25.52	1023.47	126.94	164.21	0.23
683673-154083	Stensjön	Hela sjön	20020814	B	Bnord12	20	6	1	26	0	0			0	0	1	1	26	26.00		0.00	2.15		0.33	8.51	140.00		0.33
683673-154083	Stensjön	Hela sjön	20020814	B	Bnord12	21	6	0	0	0	0			0	0	0	0	0										
683673-154083	Stensjön	Hela sjön	20020814	B	Bnord12	22	3	52	1315	0	0			7	490	2	59	1805	30.59	2.68	0.27	2.12	2.29	12.60	592.83	133.17	192.82	0.33
683673-154083	Stensjön	Hela sjön	20020814	B	Bnord12	23	3	63	1440	0	0			2	135	2	65	1575	24.23	10.67	0.09	2.09	2.28	9.88	599.55	122.18	190.79	0.38
683673-154083	Stensjön	Hela sjön	20020814	B	Bnord12	24	3	22	513	1	835			12	328	3	35	1676	47.89	1.56	0.20	2.11	2.13	5.75	258.21	128.78	136.22	0.15
683673-154083	Stensjön	Hela sjön	20030810	B	Bnord12	1	0	33	1541	0	0			14	367	2	47	1908	40.60	4.20	0.19	2.14	2.12	11.80	1115.29	136.65	132.77	0.58
683673-154083	Stensjön	Hela sjön	20030810	B	Bnord12	2	3	42	1905	0	0			9	379	2	51	2284	44.78	5.03	0.17	2.14	2.20	16.48	1342.92	139.00	157.56	0.59
683673-154083	Stensjön	Hela sjön	20030810	B	Bnord12	3	3	82	2247	1	558			4	263	3	87	3068	35.26	8.54	0.09	2.12	2.26	22.18	1220.18	132.67	180.88	0.40
683673-154083	Stensjön	Hela sjön	20030810	B	Bnord12	4	0	22	1009	0	0			16	698	2	38	1707	44.92	1.45	0.41	2.16	2.21	9.02	740.03	144.56	161.41	0.43
683673-154083	Stensjön	Hela sjön	20030810	B	Bnord12	5	6	3	70	0	0			0	0	1	3	70	23.33		0.00	2.13		0.77	18.32	135.24		0.26
683673-154083	Stensjön	Hela sjön	20030810	B	Bnord12	6	6	1	15	0	0			0	0	1	1	15	15.00		0.00	2.08		0.00	0.00	120.00		0.00
683673-154083	Stensjön	Hela sjön	20030810	B	Bnord12	7	3	73	1504	0	0			4	279	2	77	1783	23.16	5.39	0.16	2.10	2.29	15.08	445.02	125.78	194.79	0.25
683673-154083	Stensjön	Hela sjön	20030810	B	Bnord12	8	0	25	594	0	0			12	504	2	37	1098	29.68	1.18	0.46	2.05	2.20	6.95	341.89	111.61	159.97	0.31
683673-154083	Stensjön	Hela sjön	20030810	B	Bnord12	9	6	0	0	0	0			0	0	0	0	0										
683673-154083	Stensjön	Hela sjön	20030810	B	Bnord12	10	6	0	0	0	0			0	0	0	0	0										
683673-154083	Stensjön	Hela sjön	20030810	B	Bnord12	11	0	14	332	0	0			16	709	2	30	1041	34.70	0.47	0.68	2.08	2.20	4.52	218.37	120.99	158.21	0.21
683673-154083	Stensjön	Hela sjön	20030810	B	Bnord12	12	6	8	331	0	0			0	0	1	8	331	41.38		0.00	2.21		5.72	254.52	162.46		0.77
683673-154083	Stensjön	Hela sjön	20030810	B	Bnord12	13	0	23	1031	0	0			6	122	2	29	1153	39.76	8.45	0.11	2.18	2.06	12.07	884.35	151.76	115.98	0.77
683673-154083	Stensjön	Hela sjön	20030810	B	Bnord12	14	0	28	591	0	0			21	980	2	49	1571	32.06	0.60	0.62	2.09	2.20	5.42	256.90	122.80	157.11	0.16
683673-154083	Stensjön	Hela sjön	20030810	B	Bnord12	15	3	74	1776	0	0			13	482	2	87	2258	25.95	3.68	0.21	2.06	2.20	13.63	1143.22	114.01	157.01	0.51
683673-154083	Stensjön	Hela sjön	20030810	B	Bnord12	16	0	24	574	2	936			12	415	3	38	1925	50.66	1.38	0.22	2.06	2.17	7.07	363.06	115.68	147.02	0.19
683673-154083	Stensjön	Hela sjön	20030810	B	Bnord12	17	0	17	1196	0	0			6	199	2	23	1395	60.65	6.01	0.14	2.20	2.17	8.72	982.52	157.33	147.22	0.70
683673-154083	Stensjön	Hela sjön	20030810	B	Bnord12	18	6	21	485	0	0			0	0	1	21	485	23.10		0.00	2.13		5.55	145.40	135.36		0.30
683673-154083	Stensjön	Hela sjön	20030810	B	Bnord12	19	3	60	1137	0	0			9	300	2	69	1437	20.83	3.79	0.21	2.08	2.18	10.65	350.73	118.97	150.87	0.24
683673-154083	Stensjön	Hela sjön	20030810	B	Bnord12	20	6	5	142	0	0			0	0	1	5	142	28.40		0.00	2.16		1.97	61.56	143.20		0.43
683673-154083	Stensjön	Hela sjön	20030810	B	Bnord12	21	6	4	120	0	0			0	0	1	4	120	30.00		0.00	2.16		1.75	62.42	145.60		0.52
683673-154083	Stensjön	Hela sjön	20030810	B	Bnord12	22	3	63	1282	0	0			18	833	2	81	2115	26.11	1.54	0.39	2.04	2.22	7.47	616.12	110.36	166.28	0.29
683673-154083	Stensjön	Hela sjön	20030810	B	Bnord12	23	3	31	554	0	0			5	342	2	36	896	24.89	1.62	0.38	2.08	2.25	3.17	146.64	118.91	178.01	0.16
683673-154083	Stensjön	Hela sjön	20030810	B	Bnord12	24	3	21	639	0	0			14	504	2	35	1143	32.66	1.27	0.44	2.10	2.18	7.57	438.18	126.61	150.94	0.38
683673-154083	Stensjön	Hela sjön	20040802	B	Bnord12	1	0	29	773	0	0			12	279	2	41	1052	25.66	2.77	0.27	2.11	2.09	5.88	359.02	129.13	122.76	0.34
683673-154083	Stensjön	Hela sjön	20040802	B	Bnord12	2	3	26	489	1	18			20	735	3	47	1242	26.43	0.67	0.59	2.06	2.16	4.07	161.19	115.33	143.80	0.13
683673-154083	Stensjön	Hela sjön	20040802	B	Bnord12	3	3	54	1161	0	0			7	361	2	61	1522	24.95	3.22	0.24	2.11	2.23	11.18	303.27	129.54	169.70	0.20
683673-154083	Stensjön	Hela sjön	20040802	B	Bnord12	4	0	32	651	0	0			18	315	2	50	966	19.32	2.07	0.33	2.09	2.08	5.28	192.42	122.01	120.75	0.20
683673-154083	Stensjön	Hela sjön	20040802	B	Bnord12	5	6	1	39	0	0			0	0	1	1	39	39.00		0.00	2.21		0.70	28.52	162.00		0.73
683673-154083	Stensjön	Hela sjön	20040802	B	Bnord12	6	6	7	211	0	0			1	28	2	8	239	29.88	7.54	0.12	2.16	2.18	3.00	101.83	145.18	150.00	0.43
683673-154083	Stensjön	Hela sjön	20040802	B	Bnord12	7	3	42	998	0	0			16	678	2	58	1676	28.90	1.47	0.40	2.11	2.18	9.50	410.22	128.19	150.51	0.24
683673-154083	Stensjön	Hela sjön	20040802	B	Bnord12	8	0	9	483	0	0			29	793	2	38	1276	33.58	0.61	0.62	2.21	2.11	5.33	375.12	162.28	129.64	0.29
683673-154083	Stensjön	Hela sjön	20040802	B	Bnord12	9	3	41	992	0	0			6	305	2	47	1297	27.60	3.25	0.24	2.12	2.20	9.27	413.33	130.85	156.77	0.32
683673-154083	Stensjön	Hela sjön	20040802	B	Bnord12	10	3	18	355	0	0			24	903	2	42	1258	29.95	0.39	0.72	2.07	2.18	2.62	136.28	116.93	152.38	0.11
683673-154083	Stensjön	Hela sjön	20040802	B	Bnord12	11	0	24	491	0	0			14	464	2	38	955	25.13	1.06	0.49	2.07	2.17	5.82	235.38	116.16	148.41	0.25
683673-154083	Stensjön	Hela sjön	20040802	B	Bnord12	12	6	7	226	1	1068			0	0	2	8	1294	161.75		0.00	2.17		3.40	121.81	148.62		0.09
683673-154083	Stensjön	Hela sjön	20040802	B	Bnord12	13	0	40	1085	0	0			7	275	2	47	1360	28.94	3.95	0.20	2.13	2.15	11.08	466.16	135.17	140.52	0.34
683673-154083	Stensjön	Hela sjön	20040802	B	Bnord12	14	0	32	707	0	0			26	834	2	58	1541	26.57	0.85	0.54	2.11	2.07	6.63	228.59	127.92	117.81	0.15
683673-154083	Stensjön	Hela sjön	20040802	B	Bnord12	15	3	55	1332	0	0			18	560	2	73	1892	25.92	2.38	0.30	2.12	2.09	13.82	471.75	132.92	122.73	0.25
683673-154083	Stensjön	Hela sjön	20040802	B	Bnord12	16	0	21	1300	0	0			15	468	2	36	1768	49.11	2.78	0.26	2.22	2.12	13.18	1084.92	165.38	133.30	0.61
683673-154083	Stensjön	Hela sjön	20040802	B	Bnord12	17	3	33	737	0	0			16	612	2	49	1349	27.53	1.20	0.45	2.11	2.16	7.08	252.30	130.01	145.94	0.19
683673-154083	Stensjön	Hela sjön	20040802	B	Bnord12	18	0	9	336	2	1065			5	74	3	16	1475	92.19	4.54	0.05	2.14	2.06	3.35	257.81	137.13	114.07	0.17
683673-154083	Stensjön	Hela sjön	20040802	B	Bnord12	19	6	12	378	0	0			0	0	1	12	378	31.50		0.00	2.18		6.22	234.82	150.51		0.62
683673-154083	Stensjön	Hela sjön	20040802	B	Bnord12	20	6	0	0	0	0			0	0	0	0	0										
683673-154083	Stensjön	Hela sjön	20040802	B	Bnord12	21	6	9	269	0	0			0	0	1	9	269	29.89		0.00	2.17		4.15	140.00	147.26		0.52
683673-154083	Stensjön	Hela sjön	20040802	B	Bnord12	22	6	5	155	1	392			1	24	3	7	571	81.57	6.46	0.04	2.17	2.16	2.32	93.12	146.72	143.00	0.16
683673-154083	Stensjön	Hela sjön	20040802	B	Bnord12	23	6	9	293	0	0			1	139	2	10	432	43.20	2.11	0.32	2.17	2.38	4.48	181.27	148.95	240.00	0.42
683673-154083	Stensjön	Hela sjön	20040802	B	Bnord12	24	3	26	1111	0	0			8	283	2	34	1394	41.00	3.93	0.20	2.12	2.19	5.47	683.21	133.35	153.54	0.49
683673-154083	Stensjön	Hela sjön	20050729	B	Bnord12	1	0	49	1274	0	0			6	325	2	55	1599	29.07	3.92	0.20	2.14	2.21	16.88	541.22	137.11	162.64	0.34
683673-154083	Stensjön	Hela sjön	20050729	B	Bnord12	2	3	36	968	0	0			5	204	2	41	1172	28.59	4.75	0.17	2.13	2.20	10.88	432.96	134.31	158.76	0.37
683673-154083	Stensjön	Hela sjön	20050729	B	Bnord12	3	3	55	2205	0	0			5	288	2	60	2493	41.55	7.66	0.12	2.17	2.26	24.07	1310.71	147.92	180.62	0.53
683673-154083	Stensjön	Hela sjön	20050729	B	Bnord12	4	0	40	869	0	0			10	877	2	50	1746	34.92	0.99	0.50	2.09	2.30	7.12	273.11	124.20	201.59	0.16
683673-154083	Stensjön	Hela sjön	20050729	B	Bnord12	5	6	14	422	0	0			0	0	1	14	422	30.14		0.00	2.14		5.48	215.55	139.59		0.51
683673-154083	Stensjön	Hela sjön	20050729	B	Bnord12	6	6	3	110	0	0			0	0	1	3	110	36.67		0.00	2.17		1.47	63.32	148.03		0.58
683673-154083	Stensjön	Hela sjön	20050729	B	Bnord12	7	3	45	1115	0	0			8	486	2	53	1601	30.21	2.29	0.30	2.12	2.25	11.40	424.90	132.06	178.46	0.27
683673-154083	Stensjön	Hela sjön	20050729	B	Bnord12	8	0	18	429	0	0			11	403	2	29	832	28.69	1.06	0.48	2.08	2.20	4.12	194.14	120.02	158.44	0.23
683673-154083	Stensjön	Hela sjön	20050729	B	Bnord12	9	6	3	166	0	0			0	0	1	3	166	55.33		0.00	2.25		2.62	155.30	177.33		0.94
683673-154083	Stensjön	Hela sjön	20050729	B	Bnord12	10	6	5	150	0	0			0	0	1	5	150	30.00		0.00	2.16		2.05	63.50	144.30		0.42
683673-154083	Stensjön	Hela sjön	20050729	B	Bnord12	11	0	22	622	2	1532			11	400	3	35	2554	72.97	1.56	0.16	2.13	2.17	5.92	307.69	134.24	148.24	0.12
683673-154083	Stensjön	Hela sjön	20050729	B	Bnord12	12	6	8	210	0	0			0	0	1	8	210	26.25		0.00	2.14		2.65	76.58	139.53		0.36
683673-154083	Stensjön	Hela sjön	20050729	B	Bnord12	13	0	25	707	0	0			18	554	2	43	1261	29.33	1.28	0.44	2.14	2.10	8.78	335.31	136.83	127.26	0.27
683673-154083	Stensjön	Hela sjön	20050729	B	Bnord12	14	0	11	432	0	0			32	1166	2	43	1598	37.16	0.37	0.73	2.18	2.15	5.78	289.66	151.16	141.64	0.18
683673-154083	Stensjön	Hela sjön	20050729	B	Bnord12	15	3	32	689	1	854			14	793	3	47	2336	49.70	0.87	0.34	2.07	2.25	6.53	333.75	117.34	178.03	0.14
683673-154083	Stensjön	Hela sjön	20050729	B	Bnord12	16	0	23	1581	1	577			13	457	3	37	2615	70.68	3.46	0.17	2.03	2.17	7.67	1299.37	107.84	148.96	0.50
683673-154083	Stensjön	Hela sjön	20050729	B	Bnord12	17	0	16	933	0	0			8	284	2	24	1217	50.71	3.29	0.23	2.17	2.19	6.28	539.06	147.33	155.26	0.44
683673-154083	Stensjön	Hela sjön	20050729	B	Bnord12	18	6	1	67	0	0			0	0	1	1	67	67.00		0.00	2.29		1.00	71.41	193.00		1.07
683673-154083	Stensjön	Hela sjön	20050729	B	Bnord12	19	3	57	1614	0	0			15	579	2	72	2193	30.46	2.79	0.26	2.14	2.18	19.62	681.17	138.74	152.51	0.31
683673-154083	Stensjön	Hela sjön	20050729	B	Bnord12	20	6	8	277	0	0			4	243	2	12	520	43.33	1.14	0.47	2.18	2.27	4.27	174.85	151.61	186.13	0.34
683673-154083	Stensjön	Hela sjön	20050729	B	Bnord12	21	6	13	298	0	0			5	137	2	18	435	24.17	2.18	0.31	2.10	2.08	3.47	142.21	124.58	120.55	0.33
683673-154083	Stensjön	Hela sjön	20050729	B	Bnord12	22	3	35	1013	0	0			7	421	2	42	1434	34.14	2.41	0.29	2.11	2.26	6.05	438.36	129.04	181.14	0.31
683673-154083	Stensjön	Hela sjön	20050729	B	Bnord12	23	3	13	305	0	0			8	453	2	21	758	36.10	0.67	0.60	2.12	2.25	3.20	91.37	130.54	176.62	0.12
683673-154083	Stensjön	Hela sjön	20050729	B	Bnord12	24	3	20	538	0	0			8	407	2	28	945	33.75	1.32	0.43	2.13	2.21	5.67	239.43	134.46	160.63	0.25
683673-154083	Stensjön	Hela sjön	20060715	B	Bnord12	1	6	15	396	0	0			0	0	1	15	396	26.40		0.00	2.14		4.83	126.84	139.22		0.32
683673-154083	Stensjön	Hela sjön	20060715	B	Bnord12	2	6	6	228	1	911			1	28	3	8	1167	145.88	8.14	0.02	2.18	2.17	3.32	143.63	152.42	147.00	0.12
683673-154083	Stensjön	Hela sjön	20060715	B	Bnord12	3	3	107	3126	0	0			10	504	2	117	3630	31.03	6.20	0.14	2.08	2.21	24.48	1606.73	119.38	162.51	0.44
683673-154083	Stensjön	Hela sjön	20060715	B	Bnord12	4	0	44	1447	0	0			14	573	2	58	2020	34.83	2.53	0.28	2.14	2.20	18.78	903.88	136.75	157.44	0.45
683673-154083	Stensjön	Hela sjön	20060715	B	Bnord12	5	0	51	1653	0	0			7	382	2	58	2035	35.09	4.33	0.19	2.07	2.23	12.77	993.29	117.39	170.65	0.49
683673-154083	Stensjön	Hela sjön	20060715	B	Bnord12	6	0	37	587	0	0			16	609	2	53	1196	22.57	0.96	0.51	2.01	2.19	5.90	264.46	101.72	155.86	0.22
683673-154083	Stensjön	Hela sjön	20060715	B	Bnord12	7	3	98	2615	0	0			51	1537	2	149	4152	27.87	1.70	0.37	2.10	2.15	28.48	1386.94	126.64	142.82	0.33
683673-154083	Stensjön	Hela sjön	20060715	B	Bnord12	8	0	16	528	1	435			9	345	3	26	1308	50.31	1.53	0.26	2.12	2.17	6.25	318.19	130.92	146.46	0.24
683673-154083	Stensjön	Hela sjön	20060715	B	Bnord12	9	6	2	95	0	0			0	0	1	2	95	47.50		0.00	2.24		1.73	87.57	171.86		0.92
683673-154083	Stensjön	Hela sjön	20060715	B	Bnord12	10	6	5	137	0	0			0	0	1	5	137	27.40		0.00	2.15		1.72	48.00	140.40		0.35
683673-154083	Stensjön	Hela sjön	20060715	B	Bnord12	11	3	49	1800	0	0			3	241	2	52	2041	39.25	7.47	0.12	2.18	2.29	23.70	1097.98	149.80	196.39	0.54
683673-154083	Stensjön	Hela sjön	20060715	B	Bnord12	12	0	27	1005	0	0			9	323	2	36	1328	36.89	3.11	0.24	2.15	2.18	11.73	627.81	140.38	149.87	0.47
683673-154083	Stensjön	Hela sjön	20060715	B	Bnord12	13	0	34	599	1	768			26	901	3	61	2268	37.18	0.66	0.40	2.05	2.12	5.28	174.51	111.07	133.26	0.08
683673-154083	Stensjön	Hela sjön	20060715	B	Bnord12	14	6	1	40	0	0			0	0	1	1	40	40.00		0.00	2.20		0.67	26.10	160.00		0.65
683673-154083	Stensjön	Hela sjön	20060715	B	Bnord12	15	0	66	1010	0	0			10	663	2	76	1673	22.01	1.52	0.40	2.00	2.27	8.18	432.37	100.80	184.62	0.26
683673-154083	Stensjön	Hela sjön	20060715	B	Bnord12	16	6	7	171	0	0			0	0	1	7	171	24.43		0.00	2.13		1.90	45.95	136.21		0.27
683673-154083	Stensjön	Hela sjön	20060715	B	Bnord12	17	0	14	354	1	23			18	673	3	33	1050	31.82	0.53	0.64	2.05	2.18	3.75	208.54	112.59	150.63	0.20
683673-154083	Stensjön	Hela sjön	20060715	B	Bnord12	18	3	16	456	0	0			4	317	2	20	773	38.65	1.44	0.41	2.16	2.30	6.47	203.60	143.92	199.23	0.26
683673-154083	Stensjön	Hela sjön	20060715	B	Bnord12	19	3	91	1099	0	0			10	517	2	101	1616	16.00	2.13	0.32	2.00	2.23	7.45	221.57	99.37	170.33	0.14
683673-154083	Stensjön	Hela sjön	20060715	B	Bnord12	20	3	46	818	0	0			6	516	2	52	1334	25.65	1.59	0.39	2.05	2.31	8.65	299.50	112.15	202.63	0.22
683673-154083	Stensjön	Hela sjön	20060715	B	Bnord12	21	3	80	1571	0	0			16	1177	2	96	2748	28.63	1.33	0.43	2.06	2.28	16.62	598.34	116.02	191.94	0.22
683673-154083	Stensjön	Hela sjön	20060715	B	Bnord12	22	6	6	146	0	0			0	0	1	6	146	24.33		0.00	2.14		1.67	40.67	136.59		0.28
683673-154083	Stensjön	Hela sjön	20060715	B	Bnord12	23	6	4	145	0	0			0	0	1	4	145	36.25		0.00	2.19		2.25	83.07	153.43		0.57
683673-154083	Stensjön	Hela sjön	20060715	B	Bnord12	24	3	26	749	0	0			10	532	2	36	1281	35.58	1.41	0.42	2.12	2.24	8.35	355.64	133.23	173.59	0.28
683673-154083	Stensjön	Hela sjön	20070730	B	Bnord12	1	0	32	784	2	1865			6	390	3	40	3039	75.98	2.01	0.13	2.11	2.22	9.33	434.86	128.02	165.43	0.14
683673-154083	Stensjön	Hela sjön	20070730	B	Bnord12	2	3	73	1570	1	169			16	554	3	90	2293	25.48	2.83	0.24	2.05	2.16	14.00	876.26	113.06	145.37	0.38
683673-154083	Stensjön	Hela sjön	20070730	B	Bnord12	3	3	35	1289	0	0			12	719	2	47	2008	42.72	1.79	0.36	2.14	2.25	10.25	760.56	136.46	175.95	0.38
683673-154083	Stensjön	Hela sjön	20070730	B	Bnord12	4	0	23	984	0	0			9	368	2	32	1352	42.25	2.67	0.27	2.18	2.21	13.23	723.64	150.02	162.94	0.54
683673-154083	Stensjön	Hela sjön	20070730	B	Bnord12	5	6	8	260	0	0			5	421	2	13	681	52.38	0.62	0.62	2.14	2.28	2.63	75.29	139.37	191.14	0.11
683673-154083	Stensjön	Hela sjön	20070730	B	Bnord12	6	6	3	78	0	0			0	0	1	3	78	26.00		0.00	2.14		0.93	23.78	138.59		0.30
683673-154083	Stensjön	Hela sjön	20070730	B	Bnord12	7	3	22	773	0	0			6	278	2	28	1051	37.54	2.78	0.26	2.13	2.23	5.50	461.77	134.63	170.69	0.44
683673-154083	Stensjön	Hela sjön	20070730	B	Bnord12	8	0	9	317	0	0			15	616	2	24	933	38.88	0.51	0.66	2.07	2.19	3.22	235.51	118.05	156.57	0.25
683673-154083	Stensjön	Hela sjön	20070730	B	Bnord12	9	6	3	94	0	0			2	132	2	5	226	45.20	0.71	0.58	2.17	2.28	1.48	55.12	149.07	189.98	0.24
683673-154083	Stensjön	Hela sjön	20070730	B	Bnord12	10	6	4	122	0	0			0	0	1	4	122	30.50		0.00	2.16		1.77	56.91	146.21		0.47
683673-154083	Stensjön	Hela sjön	20070730	B	Bnord12	11	0	32	1274	0	0			12	755	2	44	2029	46.11	1.69	0.37	2.17	2.23	18.15	954.28	147.43	169.31	0.47
683673-154083	Stensjön	Hela sjön	20070730	B	Bnord12	12	6	7	275	0	0			1	92	2	8	367	45.88	2.99	0.25	2.20	2.32	4.70	219.46	159.90	210.00	0.60
683673-154083	Stensjön	Hela sjön	20070730	B	Bnord12	13	0	33	1153	0	0			12	325	2	45	1478	32.84	3.55	0.22	2.16	2.09	13.55	718.81	143.10	123.70	0.49
683673-154083	Stensjön	Hela sjön	20070730	B	Bnord12	14	0	33	958	1	886			7	147	3	41	1991	48.56	6.52	0.07	2.11	2.05	10.13	624.94	127.95	110.96	0.31
683673-154083	Stensjön	Hela sjön	20070730	B	Bnord12	15	3	23	2389	1	1333			14	570	3	38	4292	112.95	4.19	0.13	2.16	2.20	8.53	1846.03	143.68	159.22	0.43
683673-154083	Stensjön	Hela sjön	20070730	B	Bnord12	16	0	37	1433	0	0			3	181	2	40	1614	40.35	7.92	0.11	2.15	2.27	18.95	1092.28	142.54	185.80	0.68
683673-154083	Stensjön	Hela sjön	20070730	B	Bnord12	17	0	22	455	1	1020			14	710	3	37	2185	59.05	0.64	0.32	2.07	2.24	4.87	202.95	117.38	172.98	0.09
683673-154083	Stensjön	Hela sjön	20070730	B	Bnord12	18	6	62	1509	0	0			8	451	2	70	1960	28.00	3.35	0.23	2.12	2.26	14.92	534.95	132.99	181.05	0.27
683673-154083	Stensjön	Hela sjön	20070730	B	Bnord12	19	3	31	1137	0	0			7	420	2	38	1557	40.97	2.71	0.27	2.16	2.24	12.45	636.21	145.82	173.68	0.41
683673-154083	Stensjön	Hela sjön	20070730	B	Bnord12	20	6	18	481	0	0			3	201	2	21	682	32.48	2.39	0.29	2.14	2.28	6.18	197.51	138.80	191.14	0.29
683673-154083	Stensjön	Hela sjön	20070730	B	Bnord12	21	6	8	175	0	0			5	405	2	13	580	44.62	0.43	0.70	2.10	2.31	1.97	70.59	126.16	202.98	0.12
683673-154083	Stensjön	Hela sjön	20070730	B	Bnord12	22	3	46	1105	0	0			3	139	2	49	1244	25.39	7.95	0.11	2.07	2.16	8.68	607.69	116.73	143.78	0.49
683673-154083	Stensjön	Hela sjön	20070730	B	Bnord12	23	3	12	362	0	0			3	145	2	15	507	33.80	2.50	0.29	2.13	2.24	3.58	229.71	134.61	174.90	0.45
683673-154083	Stensjön	Hela sjön	20070730	B	Bnord12	24	3	21	1529	0	0			4	125	2	25	1654	66.16	12.23	0.08	2.14	2.17	8.28	1166.98	138.13	148.25	0.71
683673-154083	Stensjön	Hela sjön	20080810	B	Bnord12	1	0	21	465	0	0			18	350	2	39	815	20.90	1.33	0.43	2.09	2.08	3.95	174.27	124.37	119.37	0.21
683673-154083	Stensjön	Hela sjön	20080810	B	Bnord12	2	0	24	789	0	0			21	834	2	45	1623	36.07	0.95	0.51	2.13	2.19	9.53	504.24	134.10	155.76	0.31
683673-154083	Stensjön	Hela sjön	20080810	B	Bnord12	3	6	22	558	0	0			6	262	2	28	820	29.29	2.13	0.32	2.14	2.21	6.52	222.36	136.56	162.49	0.27
683673-154083	Stensjön	Hela sjön	20080810	B	Bnord12	4	3	23	502	0	0			20	1234	2	43	1736	40.37	0.41	0.71	2.10	2.23	4.40	165.24	124.87	168.32	0.10
683673-154083	Stensjön	Hela sjön	20080810	B	Bnord12	5	3	41	1194	0	0			4	288	2	45	1482	32.93	4.15	0.19	2.13	2.28	9.92	552.13	133.85	189.26	0.37
683673-154083	Stensjön	Hela sjön	20080810	B	Bnord12	6	6	3	79	0	0			5	408	2	8	487	60.88	0.19	0.84	2.15	2.30	1.00	26.94	139.86	201.56	0.06
683673-154083	Stensjön	Hela sjön	20080810	B	Bnord12	7	6	9	382	0	0			5	413	2	14	795	56.79	0.92	0.52	2.21	2.32	6.57	312.85	163.90	207.76	0.39
683673-154083	Stensjön	Hela sjön	20080810	B	Bnord12	8	6	31	707	1	1439			9	332	3	41	2478	60.44	2.13	0.13	2.11	2.18	8.12	262.18	130.18	152.06	0.11
683673-154083	Stensjön	Hela sjön	20080810	B	Bnord12	9	0	18	605	0	0			7	298	2	25	903	36.12	2.03	0.33	2.13	2.18	6.47	369.16	135.84	152.37	0.41
683673-154083	Stensjön	Hela sjön	20080810	B	Bnord12	10	0	21	894	0	0			10	410	2	31	1304	42.06	2.18	0.31	2.15	2.20	9.93	618.20	142.22	157.61	0.47
683673-154083	Stensjön	Hela sjön	20080810	B	Bnord12	11	6	14	509	0	0			5	380	2	19	889	46.79	1.34	0.43	2.19	2.29	7.85	329.60	154.34	194.94	0.37
683673-154083	Stensjön	Hela sjön	20080810	B	Bnord12	12	0	39	914	0	0			11	632	2	50	1546	30.92	1.45	0.41	2.10	2.24	9.95	466.60	125.03	173.79	0.30
683673-154083	Stensjön	Hela sjön	20080810	B	Bnord12	13	6	0	0	0	0			2	257	1	2	257	128.50	0.00	1.00		2.36				228.08	
683673-154083	Stensjön	Hela sjön	20080810	B	Bnord12	14	6	4	105	0	0			4	378	2	8	483	60.38	0.28	0.78	2.15	2.33	1.43	41.13	141.25	214.92	0.09
683673-154083	Stensjön	Hela sjön	20080810	B	Bnord12	15	3	76	1825	0	0			13	581	2	89	2406	27.03	3.14	0.24	2.11	2.21	17.42	677.59	130.27	163.62	0.28
683673-154083	Stensjön	Hela sjön	20080810	B	Bnord12	16	6	4	144	1	526			0	0	2	5	670	134.00		0.00	2.19		2.28	87.07	153.84		0.13
683673-154083	Stensjön	Hela sjön	20080810	B	Bnord12	17	0	15	531	0	0			10	469	2	25	1000	40.00	1.13	0.47	2.14	2.22	4.73	319.24	137.38	165.72	0.32
683673-154083	Stensjön	Hela sjön	20080810	B	Bnord12	18	3	24	645	0	0			12	642	2	36	1287	35.75	1.00	0.50	2.12	2.24	7.93	371.51	132.85	172.10	0.29
683673-154083	Stensjön	Hela sjön	20080810	B	Bnord12	19	0	14	893	0	0			8	218	2	22	1111	50.50	4.10	0.20	2.17	2.15	6.28	744.88	149.52	140.97	0.67
683673-154083	Stensjön	Hela sjön	20080810	B	Bnord12	20	3	6	200	0	0			16	687	2	22	887	40.32	0.29	0.77	2.17	2.19	2.93	129.81	148.13	153.90	0.15
683673-154083	Stensjön	Hela sjön	20080810	B	Bnord12	21	3	40	957	0	0			7	251	2	47	1208	25.70	3.81	0.21	2.12	2.19	9.97	309.08	131.74	154.31	0.26
683673-154083	Stensjön	Hela sjön	20080810	B	Bnord12	22	3	27	473	0	0			9	350	2	36	823	22.86	1.35	0.43	2.07	2.20	3.08	79.75	118.85	157.49	0.10
683673-154083	Stensjön	Hela sjön	20080810	B	Bnord12	23	3	27	556	0	0			6	302	2	33	858	26.00	1.84	0.35	2.10	2.24	5.15	153.02	126.20	173.74	0.18
683673-154083	Stensjön	Hela sjön	20080810	B	Bnord12	24	0	15	599	1	1581			20	805	3	36	2985	82.92	0.74	0.27	2.16	2.18	7.77	439.84	143.77	152.06	0.15
683673-154083	Stensjön	Hela sjön	20090813	B	Bnord12	1	0	52	1422	0	0			18	520	2	70	1942	27.74	2.73	0.27	2.13	2.10	17.10	638.88	133.45	125.09	0.33
683673-154083	Stensjön	Hela sjön	20090813	B	Bnord12	2	0	29	813	0	0			14	584	2	43	1397	32.49	1.39	0.42	2.13	2.18	9.87	396.64	135.31	151.12	0.28
683673-154083	Stensjön	Hela sjön	20090813	B	Bnord12	3	6	8	183	0	0			3	324	2	11	507	46.09	0.56	0.64	2.12	2.35	1.95	50.69	132.57	222.49	0.10
683673-154083	Stensjön	Hela sjön	20090813	B	Bnord12	4	3	16	657	0	0			20	1084	2	36	1741	48.36	0.61	0.62	2.15	2.24	6.28	466.45	141.11	174.84	0.27
683673-154083	Stensjön	Hela sjön	20090813	B	Bnord12	5	3	42	929	0	0			6	271	2	48	1200	25.00	3.43	0.23	2.12	2.22	9.63	249.20	132.13	166.02	0.21
683673-154083	Stensjön	Hela sjön	20090813	B	Bnord12	6	6	4	118	0	0			0	0	1	4	118	29.50		0.00	2.16		1.70	49.80	145.45		0.42
683673-154083	Stensjön	Hela sjön	20090813	B	Bnord12	7	6	5	112	0	0			2	158	2	7	270	38.57	0.71	0.59	2.14	2.31	1.42	34.17	136.97	205.32	0.13
683673-154083	Stensjön	Hela sjön	20090813	B	Bnord12	8	6	15	503	0	0			4	328	2	19	831	43.74	1.53	0.39	2.17	2.31	6.85	328.51	147.33	202.25	0.40
683673-154083	Stensjön	Hela sjön	20090813	B	Bnord12	9	0	15	472	0	0			20	897	2	35	1369	39.11	0.53	0.66	2.13	2.18	6.07	314.05	135.14	151.41	0.23
683673-154083	Stensjön	Hela sjön	20090813	B	Bnord12	10	0	20	655	0	0			17	805	2	37	1460	39.46	0.81	0.55	2.15	2.21	7.88	350.55	141.12	162.45	0.24
683673-154083	Stensjön	Hela sjön	20090813	B	Bnord12	11	6	3	114	0	0			1	82	2	4	196	49.00	1.39	0.42	2.20	2.32	2.02	80.62	160.26	210.00	0.41
683673-154083	Stensjön	Hela sjön	20090813	B	Bnord12	12	0	16	512	1	1527			14	576	3	31	2615	84.35	0.89	0.22	2.06	2.19	4.95	370.17	114.09	155.62	0.14
683673-154083	Stensjön	Hela sjön	20090813	B	Bnord12	13	6	1	19	0	0			2	154	2	3	173	57.67	0.12	0.89	2.11	2.31	0.15	2.94	129.00	202.28	0.02
683673-154083	Stensjön	Hela sjön	20090813	B	Bnord12	14	6	2	44	0	0			2	170	2	4	214	53.50	0.26	0.79	2.12	2.31	0.40	9.38	131.81	204.02	0.04
683673-154083	Stensjön	Hela sjön	20090813	B	Bnord12	15	3	22	622	0	0			6	356	2	28	978	34.93	1.75	0.36	2.12	2.26	5.92	295.18	131.41	180.43	0.30
683673-154083	Stensjön	Hela sjön	20090813	B	Bnord12	16	6	4	85	0	0			1	116	2	5	201	40.20	0.73	0.58	2.15	2.37	1.43	46.00	140.84	235.00	0.23
683673-154083	Stensjön	Hela sjön	20090813	B	Bnord12	17	0	16	412	0	0			6	220	2	22	632	28.73	1.87	0.35	2.07	2.14	5.42	223.87	118.27	138.22	0.35
683673-154083	Stensjön	Hela sjön	20090813	B	Bnord12	18	3	15	427	0	0			5	354	2	20	781	39.05	1.21	0.45	2.14	2.29	5.50	202.63	139.32	194.65	0.26
683673-154083	Stensjön	Hela sjön	20090813	B	Bnord12	19	0	26	1050	0	0			21	682	2	47	1732	36.85	1.54	0.39	2.15	2.17	13.63	750.50	142.29	147.91	0.43
683673-154083	Stensjön	Hela sjön	20090813	B	Bnord12	20	3	6	108	0	0			3	192	2	9	300	33.33	0.56	0.64	2.06	2.28	1.25	39.94	113.63	191.68	0.13
683673-154083	Stensjön	Hela sjön	20090813	B	Bnord12	21	3	30	480	0	0			6	331	2	36	811	22.53	1.45	0.41	2.07	2.24	5.33	183.49	116.62	175.57	0.23
683673-154083	Stensjön	Hela sjön	20090813	B	Bnord12	22	3	23	498	0	0			7	350	2	30	848	28.27	1.42	0.41	2.03	2.24	6.50	287.06	107.71	175.71	0.34
683673-154083	Stensjön	Hela sjön	20090813	B	Bnord12	23	3	22	457	0	0			11	648	2	33	1105	33.48	0.71	0.59	2.10	2.26	5.52	289.04	124.56	182.37	0.26
683673-154083	Stensjön	Hela sjön	20090813	B	Bnord12	24	0	13	325	1	470			15	419	3	29	1214	41.86	0.78	0.35	2.13	2.17	6.07	279.24	135.32	148.91	0.23
683673-154083	Stensjön	Hela sjön	20100813	B	Bnord12	1	0	33	687					10	247	2	43	934	21.72	2.78	0.26	2.08	2.05	7.10	263.84	121.36	112.29	0.28
683673-154083	Stensjön	Hela sjön	20100813	B	Bnord12	2	0	25	889					11	497	2	36	1386	38.50	1.79	0.36	2.15	2.21	12.77	689.81	142.08	163.89	0.50
683673-154083	Stensjön	Hela sjön	20100813	B	Bnord12	3	6	10	338					2	138	2	12	476	39.67	2.45	0.29	2.18	2.31	5.53	231.38	152.27	202.36	0.49
683673-154083	Stensjön	Hela sjön	20100813	B	Bnord12	4	3	18	512					4	147	2	22	659	29.95	3.48	0.22	2.12	2.18	5.98	332.78	132.31	149.80	0.50
683673-154083	Stensjön	Hela sjön	20100813	B	Bnord12	5	3	53	1509					9	339	2	62	1848	29.81	4.45	0.18	2.15	2.22	19.17	798.68	141.12	165.63	0.43
683673-154083	Stensjön	Hela sjön	20100813	B	Bnord12	6	6	1	27					2	150	2	3	177	59.00	0.18	0.85	2.15	2.31	0.35	9.14	141.00	203.94	0.05
683673-154083	Stensjön	Hela sjön	20100813	B	Bnord12	7	6	0	0					1	81	1	1	81	81.00	0.00	1.00		2.32				209.00	
683673-154083	Stensjön	Hela sjön	20100813	B	Bnord12	8	6	1	19					1	87	2	2	106	53.00	0.22	0.82	2.11	2.32	0.15	2.94	129.00	211.00	0.03
683673-154083	Stensjön	Hela sjön	20100813	B	Bnord12	9	0	39	1115					15	490	2	54	1605	29.72	2.28	0.31	2.09	2.11	12.58	795.15	122.72	130.07	0.50
683673-154083	Stensjön	Hela sjön	20100813	B	Bnord12	10	0	23	446					15	648	2	38	1094	28.79	0.69	0.59	2.05	2.16	4.73	183.10	112.94	145.40	0.17
683673-154083	Stensjön	Hela sjön	20100813	B	Bnord12	11	6	5	184					1	95	2	6	279	46.50	1.94	0.34	2.20	2.33	3.08	137.11	156.73	215.00	0.49
683673-154083	Stensjön	Hela sjön	20100813	B	Bnord12	12	0	38	943					11	429	2	49	1372	28.00	2.20	0.31	2.09	2.13	9.73	495.97	122.21	135.41	0.36
683673-154083	Stensjön	Hela sjön	20100813	B	Bnord12	13	6	0	0					0	0	0	0	0										
683673-154083	Stensjön	Hela sjön	20100813	B	Bnord12	14	6	4	114					2	214	2	6	328	54.67	0.53	0.65	2.16	2.35	1.63	52.43	144.07	224.90	0.16
683673-154083	Stensjön	Hela sjön	20100813	B	Bnord12	15	3	40	944					3	145	2	43	1089	25.33	6.51	0.13	2.13	2.24	10.97	320.14	135.92	174.29	0.29
683673-154083	Stensjön	Hela sjön	20100813	B	Bnord12	16	6	2	59					0	0	1	2	59	29.50		0.00	2.17		0.95	30.10	148.40		0.51
683673-154083	Stensjön	Hela sjön	20100813	B	Bnord12	17	0	18	925					4	204	2	22	1129	51.32	4.53	0.18	2.18	2.26	9.25	755.34	152.94	180.29	0.67
683673-154083	Stensjön	Hela sjön	20100813	B	Bnord12	18	3	36	886					3	107	2	39	993	25.46	8.28	0.11	2.13	2.22	10.92	506.00	135.35	166.01	0.51
683673-154083	Stensjön	Hela sjön	20100813	B	Bnord12	19	0	23	596					8	294	2	31	890	28.71	2.03	0.33	2.03	2.20	6.52	367.12	106.16	156.89	0.41
683673-154083	Stensjön	Hela sjön	20100813	B	Bnord12	20	3	14	497					4	184	2	18	681	37.83	2.70	0.27	2.17	2.24	7.62	347.20	146.64	173.07	0.51
683673-154083	Stensjön	Hela sjön	20100813	B	Bnord12	21	3	40	1031					6	211	2	46	1242	27.00	4.89	0.17	2.11	2.23	9.55	463.65	128.93	168.93	0.37
683673-154083	Stensjön	Hela sjön	20100813	B	Bnord12	22	3	17	462					8	340	2	25	802	32.08	1.36	0.42	2.10	2.23	4.20	245.26	125.33	169.52	0.31
683673-154083	Stensjön	Hela sjön	20100813	B	Bnord12	23	3	21	482					4	157	2	25	639	25.56	3.07	0.25	2.09	2.21	5.57	262.88	124.06	162.97	0.41
683673-154083	Stensjön	Hela sjön	20100813	B	Bnord12	24	0	12	418					11	514	2	23	932	40.52	0.81	0.55	2.18	2.20	6.05	251.58	149.90	160.01	0.27
683673-154083	Stensjön	Hela sjön	20110817	B	Bnord12	1	3	105	1531	0	0			8	208	2	113	1739	15.39	7.36	0.12	2.03	2.12	6.17	297.47	107.62	132.55	0.17
683673-154083	Stensjön	Hela sjön	20110817	B	Bnord12	2	0	14	628	0	0			11	431	2	25	1059	42.36	1.46	0.41	2.16	2.17	7.77	557.62	144.12	148.76	0.53
683673-154083	Stensjön	Hela sjön	20110817	B	Bnord12	3	0	18	607	0	0			9	357	2	27	964	35.70	1.70	0.37	2.12	2.20	8.87	479.46	131.15	157.73	0.50
683673-154083	Stensjön	Hela sjön	20110817	B	Bnord12	4	6	6	202	0	0			1	72	2	7	274	39.14	2.81	0.26	2.19	2.30	3.37	124.93	153.31	199.00	0.46
683673-154083	Stensjön	Hela sjön	20110817	B	Bnord12	5	0	17	230	0	0			18	763	2	35	993	28.37	0.30	0.77	2.07	2.20	3.32	133.96	116.58	158.02	0.13
683673-154083	Stensjön	Hela sjön	20110817	B	Bnord12	6	3	30	555	0	0			4	221	2	34	776	22.82	2.51	0.28	2.10	2.27	6.55	197.45	126.72	184.97	0.25
683673-154083	Stensjön	Hela sjön	20110817	B	Bnord12	7	6	6	200	0	0			3	203	2	9	403	44.78	0.99	0.50	2.18	2.30	3.30	115.63	152.86	200.21	0.29
683673-154083	Stensjön	Hela sjön	20110817	B	Bnord12	8	3	17	445	0	0			3	148	2	20	593	29.65	3.01	0.25	2.14	2.25	6.18	226.58	137.83	176.77	0.38
683673-154083	Stensjön	Hela sjön	20110817	B	Bnord12	9	3	15	427	0	0			3	172	2	18	599	33.28	2.48	0.29	2.12	2.27	4.02	233.01	132.08	187.97	0.39
683673-154083	Stensjön	Hela sjön	20110817	B	Bnord12	10	0	8	272	0	0			12	385	2	20	657	32.85	0.71	0.59	2.17	2.17	3.98	151.44	149.15	148.28	0.23
683673-154083	Stensjön	Hela sjön	20110817	B	Bnord12	11	6	4	113	0	0			4	316	2	8	429	53.63	0.36	0.74	2.16	2.31	1.65	51.57	144.45	204.87	0.12
683673-154083	Stensjön	Hela sjön	20110817	B	Bnord12	12	0	18	474	1	219			16	362	3	35	1055	30.14	1.31	0.34	2.13	2.08	5.85	261.36	133.47	121.30	0.25
683673-154083	Stensjön	Hela sjön	20110817	B	Bnord12	13	0	31	461	0	0			23	794	2	54	1255	23.24	0.58	0.63	2.04	2.15	3.83	138.16	108.58	140.44	0.11
683673-154083	Stensjön	Hela sjön	20110817	B	Bnord12	14	0	34	768	0	0			21	805	2	55	1573	28.60	0.95	0.51	2.09	2.13	8.52	365.53	123.99	136.15	0.23
683673-154083	Stensjön	Hela sjön	20110817	B	Bnord12	15	3	19	460	1	407			1	62	3	21	929	44.24	7.42	0.07	2.13	2.30	5.65	182.41	135.07	198.00	0.20
683673-154083	Stensjön	Hela sjön	20110817	B	Bnord12	16	3	54	1284	0	0			5	181	2	59	1465	24.83	7.09	0.12	2.09	2.20	11.85	526.03	123.51	158.03	0.36
683673-154083	Stensjön	Hela sjön	20110817	B	Bnord12	17	6	3	96	0	0			1	51	2	4	147	36.75	1.88	0.35	2.19	2.27	1.68	60.88	153.44	188.00	0.41
683673-154083	Stensjön	Hela sjön	20110817	B	Bnord12	18	3	12	278	0	0			1	41	2	13	319	24.54	6.78	0.13	2.13	2.23	3.12	85.06	134.81	168.00	0.27
683673-154083	Stensjön	Hela sjön	20110817	B	Bnord12	19	6	3	87	0	0			4	212	2	7	299	42.71	0.41	0.71	2.16	2.25	1.32	41.46	146.11	179.24	0.14
683673-154083	Stensjön	Hela sjön	20110817	B	Bnord12	20	6	0	0	0	0			0	0	0	0	0										
683673-154083	Stensjön	Hela sjön	20110817	B	Bnord12	21	6	0	0	0	0			0	0	0	0	0										
683673-154083	Stensjön	Hela sjön	20110817	B	Bnord12	22	6	9	244	0	0			2	131	2	11	375	34.09	1.86	0.35	2.16	2.28	3.83	136.94	144.37	190.02	0.37
683673-154083	Stensjön	Hela sjön	20110817	B	Bnord12	23	0	7	411	1	28			14	361	3	22	800	36.36	1.14	0.45	2.22	2.14	4.87	392.81	164.31	139.34	0.49
683673-154083	Stensjön	Hela sjön	20110817	B	Bnord12	24	3	18	306	0	0			6	265	2	24	571	23.79	1.15	0.46	2.07	2.23	2.45	73.07	117.41	170.72	0.13
683673-154083	Stensjön	Hela sjön	20120809	B	Bnord12	1	0	60	1182	0	0			11	435	2	71	1617	22.77	2.72	0.27	2.08	2.15	11.68	898.65	121.48	139.81	0.56
683673-154083	Stensjön	Hela sjön	20120809	B	Bnord12	2	0	18	443	1	1539			8	283	3	27	2265	83.89	1.57	0.12	2.11	2.16	4.37	222.82	127.92	144.48	0.10
683673-154083	Stensjön	Hela sjön	20120809	B	Bnord12	3	3	39	2008	0	0			7	189	2	46	2197	47.76	10.62	0.09	2.11	2.10	10.77	1499.93	129.94	124.96	0.68
683673-154083	Stensjön	Hela sjön	20120809	B	Bnord12	4	3	21	645	0	0			6	393	2	27	1038	38.44	1.64	0.38	2.14	2.29	6.75	304.87	137.07	193.33	0.29
683673-154083	Stensjön	Hela sjön	20120809	B	Bnord12	5	0	12	525	1	655			20	615	3	33	1795	54.39	0.85	0.34	2.16	2.16	4.37	404.42	144.11	143.43	0.23
683673-154083	Stensjön	Hela sjön	20120809	B	Bnord12	6	0	20	568	0	0			5	155	2	25	723	28.92	3.66	0.21	2.11	2.13	6.30	324.20	128.34	136.13	0.45
683673-154083	Stensjön	Hela sjön	20120809	B	Bnord12	7	6	1	24	1	1793			0	0	2	2	1817	908.50		0.00	2.13		0.23	5.17	134.00		0.00
683673-154083	Stensjön	Hela sjön	20120809	B	Bnord12	8	6	4	124	0	0			1	63	2	5	187	37.40	1.97	0.34	2.16	2.28	1.75	62.40	145.63	189.00	0.33
683673-154083	Stensjön	Hela sjön	20120809	B	Bnord12	9	3	37	897	1	462			2	83	3	40	1442	36.05	10.81	0.06	2.10	2.22	4.87	345.57	125.75	166.11	0.24
683673-154083	Stensjön	Hela sjön	20120809	B	Bnord12	10	3	34	565	1	47			4	137	3	39	749	19.21	4.12	0.18	2.05	2.16	3.60	88.30	111.03	145.79	0.12
683673-154083	Stensjön	Hela sjön	20120809	B	Bnord12	11	6	3	30	0	0			3	152	2	6	182	30.33	0.20	0.84	1.96	2.23	0.30	7.31	90.26	168.49	0.04
683673-154083	Stensjön	Hela sjön	20120809	B	Bnord12	12	0	53	982	0	0			26	840	2	79	1822	23.06	1.17	0.46	2.02	2.12	4.23	411.57	105.00	132.63	0.23
683673-154083	Stensjön	Hela sjön	20120809	B	Bnord12	13	3	68	3740	0	0			2	68	2	70	3808	54.40	55.00	0.02	2.13	2.19	16.78	2525.09	135.11	155.95	0.66
683673-154083	Stensjön	Hela sjön	20120809	B	Bnord12	14	0	28	397	1	1359			16	521	3	45	2277	50.60	0.76	0.23	1.98	2.14	3.03	132.52	94.77	138.42	0.06
683673-154083	Stensjön	Hela sjön	20120809	B	Bnord12	15	6	3	118	0	0			0	0	1	3	118	39.33		0.00	2.20		1.88	86.07	157.02		0.73
683673-154083	Stensjön	Hela sjön	20120809	B	Bnord12	16	0	16	655	0	0			14	460	2	30	1115	37.17	1.42	0.41	2.14	2.16	6.92	486.42	139.12	146.16	0.44
683673-154083	Stensjön	Hela sjön	20120809	B	Bnord12	17	3	32	823	1	1600			8	304	3	41	2727	66.51	2.71	0.11	2.08	2.20	6.57	393.07	121.06	157.09	0.14
683673-154083	Stensjön	Hela sjön	20120809	B	Bnord12	18	3	11	275	0	0			7	233	2	18	508	28.22	1.18	0.46	2.09	2.13	2.85	90.26	123.70	135.80	0.18
683673-154083	Stensjön	Hela sjön	20120809	B	Bnord12	19	6	44	954	0	0			3	115	2	47	1069	22.74	8.30	0.11	2.10	2.20	6.20	241.35	126.46	157.77	0.23
683673-154083	Stensjön	Hela sjön	20120809	B	Bnord12	20	6	0	0	0	0			2	161	1	2	161	80.50	0.00	1.00		2.33				213.85	
683673-154083	Stensjön	Hela sjön	20120809	B	Bnord12	21	6	0	0	0	0			2	188	1	2	188	94.00	0.00	1.00		2.34				220.73	
683673-154083	Stensjön	Hela sjön	20120809	B	Bnord12	22	3	68	1383	0	0			9	404	2	77	1787	23.21	3.42	0.23	2.09	2.22	13.33	403.68	122.62	167.47	0.23
683673-154083	Stensjön	Hela sjön	20120809	B	Bnord12	23	6	2	24	0	0			1	76	2	3	100	33.33	0.32	0.76	1.98	2.30	0.18	3.78	95.76	198.00	0.04
683673-154083	Stensjön	Hela sjön	20120809	B	Bnord12	24	0	10	334	0	0			11	450	2	21	784	37.33	0.74	0.57	2.11	2.19	3.28	223.34	129.22	156.12	0.28
683673-154083	Stensjön	Hela sjön	20130807	B	Bnord12	1	0	111	2946	0	0			10	716	2	121	3662	30.26	4.11	0.20	2.10	2.23	23.10	1197.91	125.51	171.19	0.33
683673-154083	Stensjön	Hela sjön	20130807	B	Bnord12	2	0	35	715	0	0			6	136	2	41	851	20.76	5.26	0.16	2.08	2.10	8.13	314.72	118.98	127.27	0.37
683673-154083	Stensjön	Hela sjön	20130807	B	Bnord12	3	6	1	32	0	0			0	0	1	1	32	32.00		0.00	2.18		0.52	16.80	151.00		0.53
683673-154083	Stensjön	Hela sjön	20130807	B	Bnord12	4	3	92	2979	0	0			4	53	2	96	3032	31.58	56.21	0.02	2.11	2.07	25.72	1831.24	127.87	118.28	0.60
683673-154083	Stensjön	Hela sjön	20130807	B	Bnord12	5	3	37	1388	0	0			0	0	1	37	1388	37.51		0.00	2.13		10.95	838.17	136.35		0.60
683673-154083	Stensjön	Hela sjön	20130807	B	Bnord12	6	6	0	0	0	0			0	0	0	0	0										
683673-154083	Stensjön	Hela sjön	20130807	B	Bnord12	7	6	1	24	0	0			0	0	1	1	24	24.00		0.00	2.12		0.20	4.23	132.00		0.18
683673-154083	Stensjön	Hela sjön	20130807	B	Bnord12	8	6	14	451	0	0			3	185	2	17	636	37.41	2.44	0.29	2.18	2.25	7.13	265.80	149.95	177.88	0.42
683673-154083	Stensjön	Hela sjön	20130807	B	Bnord12	9	0	22	487	1	1000			25	890	3	48	2377	49.52	0.55	0.37	2.00	2.16	4.40	284.60	99.87	143.33	0.12
683673-154083	Stensjön	Hela sjön	20130807	B	Bnord12	10	0	13	307	0	0			13	569	2	26	876	33.69	0.54	0.65	2.10	2.21	2.78	127.43	126.64	160.82	0.15
683673-154083	Stensjön	Hela sjön	20130807	B	Bnord12	11	6	0	0	0	0			0	0	0	0	0										
683673-154083	Stensjön	Hela sjön	20130807	B	Bnord12	12	0	22	491	1	900			12	397	3	35	1788	51.09	1.24	0.22	2.04	2.18	4.92	292.29	109.03	150.15	0.16
683673-154083	Stensjön	Hela sjön	20130807	B	Bnord12	13	0	12	847	2	1732			10	383	3	24	2962	123.42	2.21	0.13	2.22	2.17	8.22	756.18	167.38	147.78	0.26
683673-154083	Stensjön	Hela sjön	20130807	B	Bnord12	14	3	9	164	0	0			2	89	2	11	253	23.00	1.84	0.35	2.06	2.24	1.27	27.40	114.68	175.48	0.11
683673-154083	Stensjön	Hela sjön	20130807	B	Bnord12	15	3	55	1079	0	0			10	231	2	65	1310	20.15	4.67	0.18	2.07	2.10	8.60	321.26	118.27	125.74	0.25
683673-154083	Stensjön	Hela sjön	20130807	B	Bnord12	16	3	27	633	0	0			15	448	2	42	1081	25.74	1.41	0.41	2.09	2.15	6.22	274.18	122.44	141.09	0.25
683673-154083	Stensjön	Hela sjön	20130807	B	Bnord12	17	3	34	822	0	0			5	188	2	39	1010	25.90	4.37	0.19	2.11	2.21	8.75	355.25	128.42	162.00	0.35
683673-154083	Stensjön	Hela sjön	20130807	B	Bnord12	18	0	34	638	2	1000			18	646	3	54	2284	42.30	0.99	0.28	2.05	2.18	6.18	257.39	112.46	151.05	0.11
683673-154083	Stensjön	Hela sjön	20130807	B	Bnord12	19	6	1	27	0	0			0	0	1	1	27	27.00		0.00	2.16		0.42	11.90	145.00		0.44
683673-154083	Stensjön	Hela sjön	20130807	B	Bnord12	20	6	1	44	1	930			0	0	2	2	974	487.00		0.00	2.22		0.78	35.18	167.00		0.04
683673-154083	Stensjön	Hela sjön	20130807	B	Bnord12	21	3	42	926	0	0			3	138	2	45	1064	23.64	6.71	0.13	2.08	2.19	10.22	404.73	119.81	155.15	0.38
683673-154083	Stensjön	Hela sjön	20130807	B	Bnord12	22	6	1	51	0	0			1	63	2	2	114	57.00	0.81	0.55	2.24	2.29	0.87	42.78	172.00	196.00	0.38
683673-154083	Stensjön	Hela sjön	20130807	B	Bnord12	23	0	36	1194	0	0			22	707	2	58	1901	32.78	1.69	0.37	2.07	2.14	12.17	841.09	118.79	138.07	0.44
683673-154083	Stensjön	Hela sjön	20130807	B	Bnord12	24	3	47	1334	1	412			4	167	3	52	1913	36.79	7.99	0.09	2.15	2.22	16.73	605.75	140.92	166.66	0.32
683673-154083	Stensjön	Hela sjön	20140816	B	Bnord12	1	6	11	220	0	0			4	248	2	15	468	31.20	0.89	0.53	2.09	2.28	2.73	84.43	123.05	191.36	0.18
683673-154083	Stensjön	Hela sjön	20140816	B	Bnord12	2	6	15	386	0	0			1	81	2	16	467	29.19	4.77	0.17	2.12	2.32	5.27	196.11	132.56	207.00	0.42
683673-154083	Stensjön	Hela sjön	20140816	B	Bnord12	3	6	11	231	0	0			1	79	2	12	310	25.83	2.92	0.25	2.11	2.32	2.82	88.97	128.31	211.00	0.29
683673-154083	Stensjön	Hela sjön	20140816	B	Bnord12	4	6	12	323	0	0			0	0	1	12	323	26.92		0.00	2.17		5.17	234.47	146.23		0.73
683673-154083	Stensjön	Hela sjön	20140816	B	Bnord12	5	0	8	175	0	0			22	453	2	30	628	20.93	0.39	0.72	2.07	2.10	2.17	101.14	117.15	125.33	0.16
683673-154083	Stensjön	Hela sjön	20140816	B	Bnord12	6	3	25	487	0	0			15	204	2	40	691	17.28	2.39	0.30	2.09	2.06	4.10	151.68	123.53	113.70	0.22
683673-154083	Stensjön	Hela sjön	20140816	B	Bnord12	7	3	26	579	0	0			10	317	2	36	896	24.89	1.83	0.35	2.07	2.17	6.58	317.80	117.85	146.71	0.35
683673-154083	Stensjön	Hela sjön	20140816	B	Bnord12	8	3	38	947	0	0			18	573	2	56	1520	27.14	1.65	0.38	2.08	2.13	6.67	458.74	121.25	135.97	0.30
683673-154083	Stensjön	Hela sjön	20140816	B	Bnord12	9	0	16	1228	0	0			2	104	2	18	1332	74.00	11.81	0.08	2.18	2.25	7.83	1110.09	150.44	178.21	0.83
683673-154083	Stensjön	Hela sjön	20140816	B	Bnord12	10	3	9	477	1	1220			6	201	3	16	1898	118.63	2.37	0.11	2.20	2.15	4.72	378.88	157.54	140.33	0.20
683673-154083	Stensjön	Hela sjön	20140816	B	Bnord12	11	3	49	1596	0	0			32	773	2	81	2369	29.25	2.06	0.33	2.12	2.09	13.27	959.34	132.95	122.65	0.40
683673-154083	Stensjön	Hela sjön	20140816	B	Bnord12	12	6	4	90	0	0			1	81	2	5	171	34.20	1.11	0.47	2.14	2.32	1.32	32.00	139.63	207.00	0.19
683673-154083	Stensjön	Hela sjön	20140816	B	Bnord12	13	6	4	96	0	0			3	206	2	7	302	43.14	0.47	0.68	2.14	2.30	1.27	35.80	138.59	198.01	0.12
683673-154083	Stensjön	Hela sjön	20140816	B	Bnord12	14	3	64	1733	0	0			11	354	2	75	2087	27.83	4.90	0.17	2.11	2.15	15.90	872.85	129.20	139.90	0.42
683673-154083	Stensjön	Hela sjön	20140816	B	Bnord12	15	0	20	826	0	0			15	468	2	35	1294	36.97	1.76	0.36	2.10	2.17	3.85	595.22	125.16	146.89	0.46
683673-154083	Stensjön	Hela sjön	20140816	B	Bnord12	16	0	22	1457	1	1183			14	576	3	37	3216	86.92	2.53	0.18	2.13	2.19	6.07	1237.47	133.95	155.15	0.38
683673-154083	Stensjön	Hela sjön	20140816	B	Bnord12	17	0	22	502	0	0			11	440	2	33	942	28.55	1.14	0.47	2.06	2.20	5.25	316.36	115.70	158.62	0.34
683673-154083	Stensjön	Hela sjön	20140816	B	Bnord12	18	3	31	651	1	1120			15	314	3	47	2085	44.36	2.07	0.15	2.08	2.12	7.28	291.92	121.51	133.06	0.14
683673-154083	Stensjön	Hela sjön	20140816	B	Bnord12	19	0	7	167	0	0			16	557	2	23	724	31.48	0.30	0.77	2.06	2.20	2.00	129.25	114.57	157.57	0.18
683673-154083	Stensjön	Hela sjön	20140816	B	Bnord12	20	3	49	1088	0	0			11	488	2	60	1576	26.27	2.23	0.31	2.07	2.20	5.22	455.40	117.67	157.01	0.29
683673-154083	Stensjön	Hela sjön	20140816	B	Bnord12	21	0	20	329	0	0			16	451	2	36	780	21.67	0.73	0.58	2.05	2.13	2.38	102.76	111.33	135.21	0.13
683673-154083	Stensjön	Hela sjön	20140816	B	Bnord12	22	6	10	223	0	0			0	0	1	10	223	22.30		0.00	2.13		3.05	86.07	134.53		0.39
683673-154083	Stensjön	Hela sjön	20140816	B	Bnord12	23	0	17	410	0	0			25	735	2	42	1145	27.26	0.56	0.64	2.04	2.15	4.55	275.30	110.12	142.56	0.24
683673-154083	Stensjön	Hela sjön	20140816	B	Bnord12	24	6	0	0	0	0			0	0	0	0	0										
683673-154083	Stensjön	Hela sjön	20150824	B	Bnord12	1	0	42	948	0	0			12	318	2	54	1266	23.44	2.98	0.25	2.11	2.06	9.43	311.90	128.18	114.84	0.25
683673-154083	Stensjön	Hela sjön	20150824	B	Bnord12	2	0	46	2322	0	0			11	344	2	57	2666	46.77	6.75	0.13	2.14	2.13	13.50	1683.31	138.94	134.98	0.63
683673-154083	Stensjön	Hela sjön	20150824	B	Bnord12	3	6	1	39	0	0			3	202	2	4	241	60.25	0.19	0.84	2.21	2.29	0.73	28.38	164.00	194.92	0.12
683673-154083	Stensjön	Hela sjön	20150824	B	Bnord12	4	3	49	1192	0	0			18	848	2	67	2040	30.45	1.41	0.42	2.09	2.21	9.28	500.86	122.64	161.11	0.25
683673-154083	Stensjön	Hela sjön	20150824	B	Bnord12	5	0	42	893	0	0			11	405	2	53	1298	24.49	2.20	0.31	2.09	2.19	7.60	311.55	122.77	155.54	0.24
683673-154083	Stensjön	Hela sjön	20150824	B	Bnord12	6	6	1	20	0	0			0	0	1	1	20	20.00		0.00	2.10		0.08	1.66	125.00		0.08
683673-154083	Stensjön	Hela sjön	20150824	B	Bnord12	7	3	46	956	0	0			3	196	2	49	1152	23.51	4.88	0.17	2.10	2.28	7.77	204.86	126.12	189.73	0.18
683673-154083	Stensjön	Hela sjön	20150824	B	Bnord12	8	0	33	674	0	0			8	319	2	41	993	24.22	2.11	0.32	2.04	2.18	5.53	241.42	110.70	151.56	0.24
683673-154083	Stensjön	Hela sjön	20150824	B	Bnord12	9	6	0	0	0	0			2	153	1	2	153	76.50	0.00	1.00		2.30				197.47	
683673-154083	Stensjön	Hela sjön	20150824	B	Bnord12	10	0	28	595	0	0			9	345	2	37	940	25.41	1.72	0.37	2.08	2.18	5.40	227.93	119.58	150.88	0.24
683673-154083	Stensjön	Hela sjön	20150824	B	Bnord12	11	6	2	45	1	610			3	225	3	6	880	146.67	0.20	0.26	2.13	2.30	0.47	10.57	133.97	198.44	0.01
683673-154083	Stensjön	Hela sjön	20150824	B	Bnord12	12	6	0	0	0	0			0	0	0	0	0										
683673-154083	Stensjön	Hela sjön	20150824	B	Bnord12	13	6	0	0	0	0			0	0	0	0	0										
683673-154083	Stensjön	Hela sjön	20150824	B	Bnord12	14	0	12	443	0	0			8	268	2	20	711	35.55	1.65	0.38	2.12	2.17	4.12	295.90	131.77	148.74	0.42
683673-154083	Stensjön	Hela sjön	20150824	B	Bnord12	15	3	46	763	0	0			8	499	2	54	1262	23.37	1.53	0.40	2.06	2.26	5.58	174.43	114.22	180.39	0.14
683673-154083	Stensjön	Hela sjön	20150824	B	Bnord12	16	0	17	621	1	1500			24	678	3	42	2799	66.64	0.92	0.24	2.16	2.16	7.75	421.19	143.22	143.76	0.15
683673-154083	Stensjön	Hela sjön	20150824	B	Bnord12	17	3	13	368	0	0			5	302	2	18	670	37.22	1.22	0.45	2.15	2.24	4.90	184.36	140.14	175.57	0.28
683673-154083	Stensjön	Hela sjön	20150824	B	Bnord12	18	0	18	437	1	1245			24	775	3	43	2457	57.14	0.56	0.32	2.10	2.15	3.95	173.27	126.46	140.89	0.07
683673-154083	Stensjön	Hela sjön	20150824	B	Bnord12	19	6	14	287	1	704			3	169	3	18	1160	64.44	1.70	0.15	2.09	2.26	2.83	74.88	121.63	180.22	0.06
683673-154083	Stensjön	Hela sjön	20150824	B	Bnord12	20	3	42	772	0	0			13	329	2	55	1101	20.02	2.35	0.30	2.06	2.11	5.42	127.31	116.01	130.18	0.12
683673-154083	Stensjön	Hela sjön	20150824	B	Bnord12	21	6	0	0	0	0			1	48	1	1	48	48.00	0.00	1.00		2.25				176.00	
683673-154083	Stensjön	Hela sjön	20150824	B	Bnord12	22	3	34	585	0	0			10	532	2	44	1117	25.39	1.10	0.48	2.04	2.22	3.92	103.48	110.75	165.89	0.09
683673-154083	Stensjön	Hela sjön	20150824	B	Bnord12	23	3	20	294	0	0			16	492	2	36	786	21.83	0.60	0.63	2.03	2.13	1.68	54.20	108.00	134.47	0.07
683673-154083	Stensjön	Hela sjön	20150824	B	Bnord12	24	3	39	1860	0	0			7	282	2	46	2142	46.57	6.60	0.13	2.11	2.18	6.70	1258.86	127.39	152.11	0.59
683673-154083	Stensjön	Hela sjön	20160814	B	Bnord12	1	0	89	2202	0	0			16	549	2	105	2751	26.20	4.01	0.20	2.07	2.12	24.53	1193.59	118.15	131.64	0.43
683673-154083	Stensjön	Hela sjön	20160814	B	Bnord12	2	0	14	433	0	0			11	551	2	25	984	39.36	0.79	0.56	2.12	2.21	4.88	264.16	132.48	161.98	0.27
683673-154083	Stensjön	Hela sjön	20160814	B	Bnord12	3	6	0	0	0	0			5	283	1	5	283	56.60	0.00	1.00		2.26				181.61	
683673-154083	Stensjön	Hela sjön	20160814	B	Bnord12	4	3	99	3864	1	600			13	342	3	113	4806	42.53	11.30	0.07	2.13	2.14	29.85	2539.55	135.17	138.05	0.53
683673-154083	Stensjön	Hela sjön	20160814	B	Bnord12	5	3	60	3334	0	0			7	319	2	67	3653	54.52	10.45	0.09	2.15	2.24	21.82	2510.81	142.18	172.08	0.69
683673-154083	Stensjön	Hela sjön	20160814	B	Bnord12	6	6	2	46	0	0			3	180	2	5	226	45.20	0.26	0.80	2.13	2.27	0.52	11.88	135.50	184.69	0.05
683673-154083	Stensjön	Hela sjön	20160814	B	Bnord12	7	6	0	0	0	0			1	39	1	1	39	39.00	0.00	1.00		2.21				162.00	
683673-154083	Stensjön	Hela sjön	20160814	B	Bnord12	8	3	32	676	0	0			11	491	2	43	1167	27.14	1.38	0.42	2.05	2.20	7.90	343.89	113.46	157.31	0.29
683673-154083	Stensjön	Hela sjön	20160814	B	Bnord12	9	0	20	712	0	0			21	828	2	41	1540	37.56	0.86	0.54	2.15	2.19	6.80	412.00	141.96	156.21	0.27
683673-154083	Stensjön	Hela sjön	20160814	B	Bnord12	10	0	17	460	1	134			21	887	3	39	1481	37.97	0.52	0.60	2.09	2.19	5.57	269.43	123.65	153.80	0.18
683673-154083	Stensjön	Hela sjön	20160814	B	Bnord12	11	6	10	318	0	0			6	299	2	16	617	38.56	1.06	0.48	2.17	2.24	4.93	180.52	149.02	174.76	0.29
683673-154083	Stensjön	Hela sjön	20160814	B	Bnord12	12	0	63	1310	0	0			10	502	2	73	1812	24.82	2.61	0.28	2.07	2.23	8.43	525.07	116.16	170.62	0.29
683673-154083	Stensjön	Hela sjön	20160814	B	Bnord12	13	0	51	1489	0	0			6	224	2	57	1713	30.05	6.65	0.13	2.11	2.19	16.87	1018.85	128.13	154.77	0.59
683673-154083	Stensjön	Hela sjön	20160814	B	Bnord12	14	3	55	1393	0	0			9	344	2	64	1737	27.14	4.05	0.20	2.12	2.16	15.03	529.83	130.93	145.71	0.31
683673-154083	Stensjön	Hela sjön	20160814	B	Bnord12	15	0	16	974	0	0			21	562	2	37	1536	41.51	1.73	0.37	2.21	2.15	10.00	803.03	160.55	141.69	0.52
683673-154083	Stensjön	Hela sjön	20160814	B	Bnord12	16	3	16	1276	0	0			9	566	2	25	1842	73.68	2.25	0.31	2.21	2.27	9.32	1055.81	163.62	184.42	0.57
683673-154083	Stensjön	Hela sjön	20160814	B	Bnord12	17	3	88	2128	1	1600			5	185	3	94	3913	41.63	11.50	0.05	2.10	2.17	20.08	721.46	127.00	147.44	0.18
683673-154083	Stensjön	Hela sjön	20160814	B	Bnord12	18	3	111	1754	0	0			6	222	2	117	1976	16.89	7.90	0.11	2.04	2.20	13.82	441.24	110.10	160.01	0.22
683673-154083	Stensjön	Hela sjön	20160814	B	Bnord12	19	0	7	69	0	0			5	130	2	12	199	16.58	0.53	0.65	1.92	2.09	0.58	22.40	83.86	121.71	0.11
683673-154083	Stensjön	Hela sjön	20160814	B	Bnord12	20	3	49	958	0	0			12	480	2	61	1438	23.57	2.00	0.33	2.05	2.19	9.32	408.14	111.44	155.76	0.28
683673-154083	Stensjön	Hela sjön	20160814	B	Bnord12	21	6	2	46	0	0			2	86	2	4	132	33.00	0.53	0.65	2.12	2.19	0.42	8.92	132.50	156.45	0.07
683673-154083	Stensjön	Hela sjön	20160814	B	Bnord12	22	3	43	779	1	1200			10	533	3	54	2512	46.52	1.46	0.21	2.07	2.25	7.30	202.94	117.60	177.98	0.08
683673-154083	Stensjön	Hela sjön	20160814	B	Bnord12	23	6	0	0	0	0			3	189	1	3	189	63.00	0.00	1.00		2.28				189.77	
683673-154083	Stensjön	Hela sjön	20160814	B	Bnord12	24	6	0	0	0	0			1	52	1	1	52	52.00	0.00	1.00		2.26				180.00	
683673-154083	Stensjön	Hela sjön	20170822	B	Bnord12	1	6	0	0	0	0			1	69	1	1	69	69.00	0.00	1.00		2.30				198.00	
683673-154083	Stensjön	Hela sjön	20170822	B	Bnord12	2	3	36	1380	0	0			10	428	2	46	1808	39.30	3.22	0.24	2.15	2.21	14.10	1017.47	139.83	161.12	0.56
683673-154083	Stensjön	Hela sjön	20170822	B	Bnord12	3	6	0	0	0	0			0	0	0	0	0										
683673-154083	Stensjön	Hela sjön	20170822	B	Bnord12	4	6	0	0	0	0			1	48	1	1	48	48.00	0.00	1.00		2.25				179.00	
683673-154083	Stensjön	Hela sjön	20170822	B	Bnord12	5	0	77	1998	0	0			15	627	2	92	2625	28.53	3.19	0.24	2.12	2.20	23.32	915.41	132.71	158.63	0.35
683673-154083	Stensjön	Hela sjön	20170822	B	Bnord12	6	6	0	0	0	0			0	0	0	0	0										
683673-154083	Stensjön	Hela sjön	20170822	B	Bnord12	7	6	4	121	1	943			3	226	3	8	1290	161.25	0.54	0.18	2.17	2.29	1.87	61.59	147.56	196.42	0.05
683673-154083	Stensjön	Hela sjön	20170822	B	Bnord12	8	0	35	782	0	0			12	517	2	47	1299	27.64	1.51	0.40	2.06	2.21	5.17	381.40	113.76	161.92	0.29
683673-154083	Stensjön	Hela sjön	20170822	B	Bnord12	10	0	24	518	0	0			21	689	2	45	1207	26.82	0.75	0.57	2.10	2.16	4.92	164.61	124.60	145.70	0.14
683673-154083	Stensjön	Hela sjön	20170822	B	Bnord12	11	3	31	714	1	844			6	220	3	38	1778	46.79	3.25	0.12	2.10	2.19	7.05	277.62	126.58	155.44	0.16
683673-154083	Stensjön	Hela sjön	20170822	B	Bnord12	12	3	14	282	0	0			8	441	2	22	723	32.86	0.64	0.61	2.07	2.26	2.73	107.76	118.10	180.55	0.15
683673-154083	Stensjön	Hela sjön	20170822	B	Bnord12	13	3	38	776	0	0			4	287	2	42	1063	25.31	2.70	0.27	2.10	2.27	6.12	164.99	125.54	187.59	0.16
683673-154083	Stensjön	Hela sjön	20170822	B	Bnord12	14	6	0	0	0	0			2	192	1	2	192	96.00	0.00	1.00		2.33				212.99	
683673-154083	Stensjön	Hela sjön	20170822	B	Bnord12	15	6	11	345	0	0			5	250	2	16	595	37.19	1.38	0.42	2.17	2.24	5.28	186.44	147.35	175.69	0.31
683673-154083	Stensjön	Hela sjön	20170822	B	Bnord12	16	0	6	168	0	0			11	336	2	17	504	29.65	0.50	0.67	2.12	2.16	2.23	96.22	130.50	146.16	0.19
683673-154083	Stensjön	Hela sjön	20170822	B	Bnord12	17	3	72	1982	0	0			4	181	2	76	2163	28.46	10.95	0.08	2.12	2.22	16.10	946.10	131.70	166.78	0.44
683673-154083	Stensjön	Hela sjön	20170822	B	Bnord12	18	6	10	263	0	0			2	125	2	12	388	32.33	2.10	0.32	2.11	2.27	3.48	148.92	130.09	186.77	0.38
683673-154083	Stensjön	Hela sjön	20170822	B	Bnord12	19	0	28	792	0	0			6	279	2	34	1071	31.50	2.84	0.26	2.13	2.20	9.70	432.40	135.61	158.85	0.40
683673-154083	Stensjön	Hela sjön	20170822	B	Bnord12	20	0	36	863	0	0			6	351	2	42	1214	28.90	2.46	0.29	2.10	2.19	10.00	370.89	127.35	154.92	0.31
683673-154083	Stensjön	Hela sjön	20170822	B	Bnord12	21	0	37	953	0	0			11	770	2	48	1723	35.90	1.24	0.45	2.12	2.25	10.93	410.12	132.28	176.50	0.24
683673-154083	Stensjön	Hela sjön	20170822	B	Bnord12	22	3	25	645	0	0			1	58	2	26	703	27.04	11.12	0.08	2.11	2.28	7.85	297.65	129.95	192.00	0.42
683673-154083	Stensjön	Hela sjön	20170822	B	Bnord12	23	3	16	635	0	0			1	24	2	17	659	38.76	26.46	0.04	2.17	2.16	7.38	392.17	146.50	143.00	0.60
683673-154083	Stensjön	Hela sjön	20170822	B	Bnord12	24	0	2	119	0	0			22	735	2	24	854	35.58	0.16	0.86	2.24	2.18	1.38	99.61	172.05	150.60	0.12
683673-154083	Stensjön	Hela sjön	20180821	B	Bnord12	1	6	0	0	0	0			0	0	0	0	0										
683673-154083	Stensjön	Hela sjön	20180821	B	Bnord12	2	6	0	0	0	0			0	0	0	0	0										
683673-154083	Stensjön	Hela sjön	20180821	B	Bnord12	3	6	4	122	0	0			0	0	1	4	122	30.50		0.00	2.17		1.92	74.71	147.96		0.61
683673-154083	Stensjön	Hela sjön	20180821	B	Bnord12	4	6	1	6	0	0			0	0	1	1	6	6.00		0.00	1.95		0.00	0.00	90.00		0.00
683673-154083	Stensjön	Hela sjön	20180821	B	Bnord12	5	3	10	328	1	1040			7	504	3	18	1872	104.00	0.65	0.27	2.12	2.28	3.43	214.99	131.27	190.21	0.11
683673-154083	Stensjön	Hela sjön	20180821	B	Bnord12	6	3	26	699	0	0			12	402	2	38	1101	28.97	1.74	0.37	2.07	2.18	7.25	426.78	118.81	151.60	0.39
683673-154083	Stensjön	Hela sjön	20180821	B	Bnord12	7	3	51	869	0	0			6	66	2	57	935	16.40	13.17	0.07	2.03	1.99	6.03	236.92	106.50	97.53	0.25
683673-154083	Stensjön	Hela sjön	20180821	B	Bnord12	8	3	32	797	0	0			14	609	2	46	1406	30.57	1.31	0.43	2.10	2.18	8.30	307.75	124.68	150.81	0.22
683673-154083	Stensjön	Hela sjön	20180821	B	Bnord12	9	3	22	588	0	0			4	135	2	26	723	27.81	4.36	0.19	2.12	2.18	9.40	347.55	131.06	152.58	0.48
683673-154083	Stensjön	Hela sjön	20180821	B	Bnord12	10	3	9	383	0	0			3	96	2	12	479	39.92	3.99	0.20	2.10	2.18	4.38	318.73	125.68	151.54	0.67
683673-154083	Stensjön	Hela sjön	20180821	B	Bnord12	11	0	4	56	0	0			12	459	2	16	515	32.19	0.12	0.89	2.06	2.21	0.23	5.17	113.69	160.37	0.01
683673-154083	Stensjön	Hela sjön	20180821	B	Bnord12	12	0	16	1149	1	271			12	582	3	29	2002	69.03	1.97	0.29	2.26	2.22	13.22	1094.49	184.07	164.14	0.55
683673-154083	Stensjön	Hela sjön	20180821	B	Bnord12	13	3	49	1487	0	0			10	458	2	59	1945	32.97	3.25	0.24	2.13	2.23	19.57	1030.62	135.84	171.02	0.53
683673-154083	Stensjön	Hela sjön	20180821	B	Bnord12	14	0	9	266	0	0			17	591	2	26	857	32.96	0.45	0.69	2.14	2.17	3.73	164.44	138.78	147.81	0.19
683673-154083	Stensjön	Hela sjön	20180821	B	Bnord12	15	0	34	709	1	1121			7	263	3	42	2093	49.83	2.70	0.13	2.07	2.18	8.18	391.86	116.56	152.29	0.19
683673-154083	Stensjön	Hela sjön	20180821	B	Bnord12	16	0	31	555	0	0			13	423	2	44	978	22.23	1.31	0.43	2.02	2.17	4.07	236.48	104.85	148.15	0.24
683673-154083	Stensjön	Hela sjön	20180821	B	Bnord12	17	6	7	196	0	0			1	84	2	8	280	35.00	2.33	0.30	2.16	2.33	2.82	93.61	143.60	212.00	0.33
683673-154083	Stensjön	Hela sjön	20180821	B	Bnord12	18	3	64	2030	0	0			15	438	2	79	2468	31.24	4.63	0.18	2.14	2.16	19.80	1185.51	137.10	144.84	0.48
683673-154083	Stensjön	Hela sjön	20180821	B	Bnord12	19	6	1	24	0	0			1	82	2	2	106	53.00	0.29	0.77	2.13	2.31	0.25	5.90	135.00	203.00	0.06
683673-154083	Stensjön	Hela sjön	20180821	B	Bnord12	20	0	7	364	0	0			16	675	2	23	1039	45.17	0.54	0.65	2.21	2.20	4.08	276.89	163.46	159.42	0.27
683673-154083	Stensjön	Hela sjön	20180821	B	Bnord12	21	6	9	394	0	0			2	117	2	11	511	46.45	3.37	0.23	2.23	2.26	7.27	327.43	168.21	181.93	0.64
683673-154083	Stensjön	Hela sjön	20180821	B	Bnord12	22	0	8	138	1	137			22	864	3	31	1139	36.74	0.16	0.76	2.03	2.21	1.48	51.67	108.24	162.36	0.05
683673-154083	Stensjön	Hela sjön	20180821	B	Bnord12	23	3	54	1305	0	0			1	59	2	55	1364	24.80	22.12	0.04	2.11	2.27	9.98	491.73	127.89	187.00	0.36
683673-154083	Stensjön	Hela sjön	20180821	B	Bnord12	24	0	19	538	0	0			15	652	2	34	1190	35.00	0.83	0.55	2.12	2.21	6.62	271.84	132.99	162.08	0.23
683673-154083	Stensjön	Hela sjön	20190818	B	Bnord12	1	6	0	0	0	0			0	0	0	0	0										
683673-154083	Stensjön	Hela sjön	20190818	B	Bnord12	2	6	3	130	0	0			2	75	2	5	205	41.00	1.73	0.37	2.21	2.20	2.05	87.84	160.62	159.69	0.43
683673-154083	Stensjön	Hela sjön	20190818	B	Bnord12	3	6	0	0	0	0			0	0	0	0	0										
683673-154083	Stensjön	Hela sjön	20190818	B	Bnord12	4	6	4	191	0	0			3	208	2	7	399	57.00	0.92	0.52	2.22	2.29	3.10	143.58	166.28	193.92	0.36
683673-154083	Stensjön	Hela sjön	20190818	B	Bnord12	5	3	6	198	0	0			10	601	2	16	799	49.94	0.33	0.75	2.17	2.26	2.70	98.27	146.26	181.24	0.12
683673-154083	Stensjön	Hela sjön	20190818	B	Bnord12	6	3	21	292	0	0			13	618	2	34	910	26.76	0.47	0.68	2.01	2.23	1.68	37.35	103.14	171.64	0.04
683673-154083	Stensjön	Hela sjön	20190818	B	Bnord12	7	6	0	0	0	0			0	0	0	0	0										
683673-154083	Stensjön	Hela sjön	20190818	B	Bnord12	8	0	14	431	2	402			16	645	3	32	1478	46.19	0.67	0.44	2.11	2.19	3.72	246.44	130.08	156.41	0.17
683673-154083	Stensjön	Hela sjön	20190818	B	Bnord12	9	0	14	711	0	0			14	745	2	28	1456	52.00	0.95	0.51	2.18	2.24	5.72	481.50	150.87	175.46	0.33
683673-154083	Stensjön	Hela sjön	20190818	B	Bnord12	10	3	39	987	0	0			1	39	2	40	1026	25.65	25.31	0.04	2.13	2.21	10.65	322.63	134.16	162.00	0.31
683673-154083	Stensjön	Hela sjön	20190818	B	Bnord12	11	3	14	254	1	555			3	133	3	18	942	52.33	1.91	0.14	2.04	2.21	2.35	74.68	110.73	160.78	0.08
683673-154083	Stensjön	Hela sjön	20190818	B	Bnord12	12	3	43	1194	1	351			3	190	3	47	1735	36.91	6.28	0.11	2.11	2.27	12.17	556.75	130.08	185.80	0.32
683673-154083	Stensjön	Hela sjön	20190818	B	Bnord12	13	6	3	132	0	0			0	0	1	3	132	44.00		0.00	2.21		2.07	94.44	160.58		0.72
683673-154083	Stensjön	Hela sjön	20190818	B	Bnord12	14	0	16	1393	0	0			15	448	2	31	1841	59.39	3.11	0.24	2.13	2.15	3.82	1126.56	135.78	140.95	0.61
683673-154083	Stensjön	Hela sjön	20190818	B	Bnord12	15	3	15	346	0	0			8	372	2	23	718	31.22	0.93	0.52	2.11	2.20	3.23	93.17	130.22	159.62	0.13
683673-154083	Stensjön	Hela sjön	20190818	B	Bnord12	16	0	45	977	1	272			5	206	3	51	1455	28.53	4.74	0.14	2.09	2.18	8.98	352.70	122.91	152.71	0.24
683673-154083	Stensjön	Hela sjön	20190818	B	Bnord12	17	0	5	50	0	0			14	456	2	19	506	26.63	0.11	0.90	1.90	2.15	0.50	15.92	79.25	141.28	0.03
683673-154083	Stensjön	Hela sjön	20190818	B	Bnord12	18	3	11	465	0	0			6	296	2	17	761	44.76	1.57	0.39	2.17	2.24	4.97	311.54	147.24	174.65	0.41
683673-154083	Stensjön	Hela sjön	20190818	B	Bnord12	19	0	10	487	0	0			9	441	2	19	928	48.84	1.10	0.48	2.14	2.21	5.27	370.14	138.62	160.65	0.40
683673-154083	Stensjön	Hela sjön	20190818	B	Bnord12	20	3	13	424	0	0			5	191	2	18	615	34.17	2.22	0.31	2.10	2.20	5.68	282.65	126.21	157.86	0.46
683673-154083	Stensjön	Hela sjön	20190818	B	Bnord12	21	6	1	43	0	0			1	92	2	2	135	67.50	0.47	0.68	2.21	2.33	0.68	27.29	161.00	212.00	0.20
683673-154083	Stensjön	Hela sjön	20190818	B	Bnord12	22	0	8	287	1	368			5	198	3	14	853	60.93	1.45	0.23	2.13	2.20	4.27	187.63	134.85	158.12	0.22
683673-154083	Stensjön	Hela sjön	20190818	B	Bnord12	23	0	39	915	0	0			7	287	2	46	1202	26.13	3.19	0.24	2.11	2.14	10.07	289.07	129.38	136.64	0.24
683673-154083	Stensjön	Hela sjön	20190818	B	Bnord12	24	6	15	485	0	0			4	249	2	19	734	38.63	1.95	0.34	2.16	2.27	6.53	236.19	145.44	187.71	0.32
683673-154083	Stensjön	Hela sjön	20200819	B	Bnord12	1	6	0	0	1	700			3	237	2	4	937	234.25	0.00	0.25		2.32				209.50	
683673-154083	Stensjön	Hela sjön	20200819	B	Bnord12	2	6	1	33	1	870			0	0	2	2	903	451.50		0.00	2.18		0.50	15.92	150.00		0.02
683673-154083	Stensjön	Hela sjön	20200819	B	Bnord12	3	6	1	23	0	0			1	130	2	2	153	76.50	0.18	0.85	2.14	2.37	0.32	7.90	139.00	233.00	0.05
683673-154083	Stensjön	Hela sjön	20200819	B	Bnord12	4	3	20	476	0	0			2	86	2	22	562	25.55	5.53	0.15	2.12	2.22	5.52	186.83	132.81	167.48	0.33
683673-154083	Stensjön	Hela sjön	20200819	B	Bnord12	5	0	10	359	0	0			25	882	2	35	1241	35.46	0.41	0.71	2.16	2.18	5.25	263.55	143.15	149.67	0.21
683673-154083	Stensjön	Hela sjön	20200819	B	Bnord12	6	3	18	437	0	0			3	66	2	21	503	23.95	6.62	0.13	2.14	2.15	5.93	184.87	138.05	140.89	0.37
683673-154083	Stensjön	Hela sjön	20200819	B	Bnord12	7	3	26	385	0	0			7	370	2	33	755	22.88	1.04	0.49	2.05	2.25	2.32	54.91	112.83	177.43	0.07
683673-154083	Stensjön	Hela sjön	20200819	B	Bnord12	8	3	24	821	0	0			1	29	2	25	850	34.00	28.31	0.03	2.16	2.18	9.42	470.97	143.37	152.00	0.55
683673-154083	Stensjön	Hela sjön	20200819	B	Bnord12	9	3	2	76	0	0			0	0	1	2	76	38.00		0.00	2.22		1.48	63.48	164.50		0.84
683673-154083	Stensjön	Hela sjön	20200819	B	Bnord12	10	6	0	0	0	0			0	0	0	0	0										
683673-154083	Stensjön	Hela sjön	20200819	B	Bnord12	11	6	3	72	0	0			0	0	1	3	72	24.00		0.00	2.13		0.82	19.40	136.30		0.27
683673-154083	Stensjön	Hela sjön	20200819	B	Bnord12	12	3	74	1435	0	0			1	57	2	75	1492	19.89	25.18	0.04	2.10	2.28	13.80	360.87	125.10	189.00	0.24
683673-154083	Stensjön	Hela sjön	20200819	B	Bnord12	13	0	51	805	0	0			13	400	2	64	1205	18.83	2.01	0.33	2.03	2.15	11.72	607.19	106.89	141.57	0.50
683673-154083	Stensjön	Hela sjön	20200819	B	Bnord12	14	0	26	573	0	0			16	536	2	42	1109	26.40	1.07	0.48	2.03	2.17	4.37	176.64	107.22	146.70	0.16
683673-154083	Stensjön	Hela sjön	20200819	B	Bnord12	15	3	23	506	0	0			5	210	2	28	716	25.57	2.41	0.29	2.15	2.22	8.03	369.26	142.21	166.58	0.52
683673-154083	Stensjön	Hela sjön	20200819	B	Bnord12	16	0	16	784	0	0			18	500	2	34	1284	37.76	1.57	0.39	2.14	2.10	8.02	535.81	138.01	124.76	0.42
683673-154083	Stensjön	Hela sjön	20200819	B	Bnord12	17	6	0	0	0	0			1	90	1	1	90	90.00	0.00	1.00		2.32				209.00	
683673-154083	Stensjön	Hela sjön	20200819	B	Bnord12	18	6	0	0	0	0			1	69	1	1	69	69.00	0.00	1.00		2.32				207.00	
683673-154083	Stensjön	Hela sjön	20200819	B	Bnord12	19	0	8	209	0	0			10	324	2	18	533	29.61	0.65	0.61	2.07	2.19	2.23	153.96	117.13	153.41	0.29
683673-154083	Stensjön	Hela sjön	20200819	B	Bnord12	20	3	9	281	0	0			4	148	2	13	429	33.00	1.90	0.34	2.18	2.20	4.83	179.45	149.86	159.76	0.42
683673-154083	Stensjön	Hela sjön	20200819	B	Bnord12	21	0	21	546	0	0			3	76	2	24	622	25.92	7.18	0.12	2.10	2.16	7.82	307.60	125.39	144.38	0.49
683673-154083	Stensjön	Hela sjön	20200819	B	Bnord12	22	0	61	2619	0	0			18	595	2	79	3214	40.68	4.40	0.19	2.12	2.13	15.80	1519.00	131.57	133.97	0.47
683673-154083	Stensjön	Hela sjön	20200819	B	Bnord12	23	0	68	1208	0	0			12	441	2	80	1649	20.61	2.74	0.27	2.06	2.19	12.25	482.86	113.77	154.75	0.29
683673-154083	Stensjön	Hela sjön	20200819	B	Bnord12	24	6	1	41	0	0			0	0	1	1	41	41.00		0.00	2.23		0.82	38.10	169.00		0.93
683673-154083	Stensjön	Hela sjön	20210822	B	Bnord12	1	6	0	0	0	0			0	0	0	0	0										
683673-154083	Stensjön	Hela sjön	20210822	B	Bnord12	2	6	0	0	0	0			1	69	1	1	69	69.00	0.00	1.00		2.31				203.00	
683673-154083	Stensjön	Hela sjön	20210822	B	Bnord12	3	3	45	1392	0	0			3	162	2	48	1554	32.38	8.59	0.10	2.14	2.25	18.57	826.41	139.34	178.22	0.53
683673-154083	Stensjön	Hela sjön	20210822	B	Bnord12	4	3	36	871	0	0			4	214	2	40	1085	27.13	4.07	0.20	2.10	2.25	8.55	375.41	125.70	179.21	0.35
683673-154083	Stensjön	Hela sjön	20210822	B	Bnord12	5	3	0	0	1	600			4	233	2	5	833	166.60	0.00	0.28		2.27				184.93	
683673-154083	Stensjön	Hela sjön	20210822	B	Bnord12	6	3	64	1613	0	0			10	369	2	74	1982	26.78	4.37	0.19	2.08	2.20	19.57	905.23	120.73	158.80	0.46
683673-154083	Stensjön	Hela sjön	20210822	B	Bnord12	7	0	30	735	0	0			10	346	2	40	1081	27.03	2.12	0.32	2.09	2.16	6.72	325.61	122.59	144.68	0.30
683673-154083	Stensjön	Hela sjön	20210822	B	Bnord12	8	0	56	1041	0	0			9	371	2	65	1412	21.72	2.81	0.26	2.06	2.17	8.78	263.95	114.98	148.61	0.19
683673-154083	Stensjön	Hela sjön	20210822	B	Bnord12	9	0	23	1053	0	0			11	438	2	34	1491	43.85	2.40	0.29	2.21	2.21	15.23	843.59	160.95	160.59	0.57
683673-154083	Stensjön	Hela sjön	20210822	B	Bnord12	10	3	16	555	0	0			5	276	2	21	831	39.57	2.01	0.33	2.18	2.26	9.28	426.03	152.09	183.83	0.51
683673-154083	Stensjön	Hela sjön	20210822	B	Bnord12	11	0	12	762	0	0			9	438	2	21	1200	57.14	1.74	0.37	2.22	2.23	7.22	641.57	167.13	167.97	0.53
683673-154083	Stensjön	Hela sjön	20210822	B	Bnord12	12	3	11	327	0	0			1	62	2	12	389	32.42	5.27	0.16	2.10	2.28	5.25	202.43	127.03	192.00	0.52
683673-154083	Stensjön	Hela sjön	20210822	B	Bnord12	13	6	0	0	0	0			0	0	0	0	0										
683673-154083	Stensjön	Hela sjön	20210822	B	Bnord12	14	6	3	87	0	0			0	0	1	3	87	29.00		0.00	2.15		1.22	44.87	140.77		0.52
683673-154083	Stensjön	Hela sjön	20210822	B	Bnord12	15	0	37	981	0	0			15	560	2	52	1541	29.63	1.75	0.36	2.01	2.18	13.93	773.51	101.58	152.69	0.50
683673-154083	Stensjön	Hela sjön	20210822	B	Bnord12	16	6	2	74	0	0			1	70	2	3	144	48.00	1.06	0.49	2.18	2.29	1.03	34.31	150.92	196.00	0.24
683673-154083	Stensjön	Hela sjön	20210822	B	Bnord12	17	0	31	847	0	0			14	700	2	45	1547	34.38	1.21	0.45	2.12	2.20	10.23	409.61	133.33	158.02	0.26
683673-154083	Stensjön	Hela sjön	20210822	B	Bnord12	18	3	25	580	0	0			3	152	2	28	732	26.14	3.82	0.21	2.10	2.25	6.57	269.71	125.01	176.18	0.37
683673-154083	Stensjön	Hela sjön	20210822	B	Bnord12	19	0	13	409	0	0			15	580	2	28	989	35.32	0.71	0.59	2.12	2.17	4.50	310.16	130.52	146.23	0.31
683673-154083	Stensjön	Hela sjön	20210822	B	Bnord12	20	6	1	800	0	0			1	93	2	2	893	446.50	8.60	0.10	2.60	2.34	1.00	738.13	400.00	217.00	0.83
683673-154083	Stensjön	Hela sjön	20210822	B	Bnord12	21	3	25	613	0	0			3	97	2	28	710	25.36	6.32	0.14	2.10	2.19	8.02	269.80	127.25	154.91	0.38
683673-154083	Stensjön	Hela sjön	20210822	B	Bnord12	22	3	21	425	1	182			4	125	3	26	732	28.15	3.40	0.17	2.03	2.11	6.15	228.44	106.37	129.97	0.31
683673-154083	Stensjön	Hela sjön	20210822	B	Bnord12	23	3	21	525	0	0			5	130	2	26	655	25.19	4.04	0.20	2.07	2.09	7.92	323.70	117.30	123.87	0.49
683673-154083	Stensjön	Hela sjön	20210822	B	Bnord12	24	0	8	346	0	0			18	740	2	26	1086	41.77	0.47	0.68	2.20	2.20	5.05	268.92	159.60	157.46	0.25
