"Year"	"DepthStratum"	"N"	"n21"	"n18"	"n15"	"n12"
"1994"	"0-3m"	8	7	6	5	4
"1994"	"0-3m"	8	7	6	5	4
"1994"	"0-3m"	8	7	6	5	4
"1994"	"0-3m"	8	7	6	5	4
"1994"	"0-3m"	8	7	6	5	4
"1994"	"0-3m"	8	7	6	5	4
"1994"	"0-3m"	8	7	6	5	4
"1994"	"0-3m"	8	7	6	5	4
"1994"	"3-6m"	8	7	6	5	4
"1994"	"3-6m"	8	7	6	5	4
"1994"	"3-6m"	8	7	6	5	4
"1994"	"3-6m"	8	7	6	5	4
"1994"	"3-6m"	8	7	6	5	4
"1994"	"3-6m"	8	7	6	5	4
"1994"	"3-6m"	8	7	6	5	4
"1994"	"3-6m"	8	7	6	5	4
"1994"	"6-12m"	8	7	6	5	4
"1994"	"6-12m"	8	7	6	5	4
"1994"	"6-12m"	8	7	6	5	4
"1994"	"6-12m"	8	7	6	5	4
"1994"	"6-12m"	8	7	6	5	4
"1994"	"6-12m"	8	7	6	5	4
"1994"	"6-12m"	8	7	6	5	4
"1994"	"6-12m"	8	7	6	5	4
"1995"	"0-3m"	8	7	6	5	4
"1995"	"0-3m"	8	7	6	5	4
"1995"	"0-3m"	8	7	6	5	4
"1995"	"0-3m"	8	7	6	5	4
"1995"	"0-3m"	8	7	6	5	4
"1995"	"0-3m"	8	7	6	5	4
"1995"	"0-3m"	8	7	6	5	4
"1995"	"0-3m"	8	7	6	5	4
"1995"	"3-6m"	8	7	6	5	4
"1995"	"3-6m"	8	7	6	5	4
"1995"	"3-6m"	8	7	6	5	4
"1995"	"3-6m"	8	7	6	5	4
"1995"	"3-6m"	8	7	6	5	4
"1995"	"3-6m"	8	7	6	5	4
"1995"	"3-6m"	8	7	6	5	4
"1995"	"3-6m"	8	7	6	5	4
"1995"	"6-12m"	8	7	6	5	4
"1995"	"6-12m"	8	7	6	5	4
"1995"	"6-12m"	8	7	6	5	4
"1995"	"6-12m"	8	7	6	5	4
"1995"	"6-12m"	8	7	6	5	4
"1995"	"6-12m"	8	7	6	5	4
"1995"	"6-12m"	8	7	6	5	4
"1995"	"6-12m"	8	7	6	5	4
"1996"	"0-3m"	8	7	6	5	4
"1996"	"0-3m"	8	7	6	5	4
"1996"	"0-3m"	8	7	6	5	4
"1996"	"0-3m"	8	7	6	5	4
"1996"	"0-3m"	8	7	6	5	4
"1996"	"0-3m"	8	7	6	5	4
"1996"	"0-3m"	8	7	6	5	4
"1996"	"0-3m"	8	7	6	5	4
"1996"	"3-6m"	8	7	6	5	4
"1996"	"3-6m"	8	7	6	5	4
"1996"	"3-6m"	8	7	6	5	4
"1996"	"3-6m"	8	7	6	5	4
"1996"	"3-6m"	8	7	6	5	4
"1996"	"3-6m"	8	7	6	5	4
"1996"	"3-6m"	8	7	6	5	4
"1996"	"3-6m"	8	7	6	5	4
"1996"	"6-12m"	8	7	6	5	4
"1996"	"6-12m"	8	7	6	5	4
"1996"	"6-12m"	8	7	6	5	4
"1996"	"6-12m"	8	7	6	5	4
"1996"	"6-12m"	8	7	6	5	4
"1996"	"6-12m"	8	7	6	5	4
"1996"	"6-12m"	8	7	6	5	4
"1996"	"6-12m"	8	7	6	5	4
"1997"	"0-3m"	8	7	6	5	4
"1997"	"0-3m"	8	7	6	5	4
"1997"	"0-3m"	8	7	6	5	4
"1997"	"0-3m"	8	7	6	5	4
"1997"	"0-3m"	8	7	6	5	4
"1997"	"0-3m"	8	7	6	5	4
"1997"	"0-3m"	8	7	6	5	4
"1997"	"0-3m"	8	7	6	5	4
"1997"	"3-6m"	8	7	6	5	4
"1997"	"3-6m"	8	7	6	5	4
"1997"	"3-6m"	8	7	6	5	4
"1997"	"3-6m"	8	7	6	5	4
"1997"	"3-6m"	8	7	6	5	4
"1997"	"3-6m"	8	7	6	5	4
"1997"	"3-6m"	8	7	6	5	4
"1997"	"3-6m"	8	7	6	5	4
"1997"	"6-12m"	8	7	6	5	4
"1997"	"6-12m"	8	7	6	5	4
"1997"	"6-12m"	8	7	6	5	4
"1997"	"6-12m"	8	7	6	5	4
"1997"	"6-12m"	8	7	6	5	4
"1997"	"6-12m"	8	7	6	5	4
"1997"	"6-12m"	8	7	6	5	4
"1997"	"6-12m"	8	7	6	5	4
"1998"	"0-3m"	8	7	6	5	4
"1998"	"0-3m"	8	7	6	5	4
"1998"	"0-3m"	8	7	6	5	4
"1998"	"0-3m"	8	7	6	5	4
"1998"	"0-3m"	8	7	6	5	4
"1998"	"0-3m"	8	7	6	5	4
"1998"	"0-3m"	8	7	6	5	4
"1998"	"0-3m"	8	7	6	5	4
"1998"	"3-6m"	8	7	6	5	4
"1998"	"3-6m"	8	7	6	5	4
"1998"	"3-6m"	8	7	6	5	4
"1998"	"3-6m"	8	7	6	5	4
"1998"	"3-6m"	8	7	6	5	4
"1998"	"3-6m"	8	7	6	5	4
"1998"	"3-6m"	8	7	6	5	4
"1998"	"3-6m"	8	7	6	5	4
"1998"	"6-12m"	8	7	6	5	4
"1998"	"6-12m"	8	7	6	5	4
"1998"	"6-12m"	8	7	6	5	4
"1998"	"6-12m"	8	7	6	5	4
"1998"	"6-12m"	8	7	6	5	4
"1998"	"6-12m"	8	7	6	5	4
"1998"	"6-12m"	8	7	6	5	4
"1998"	"6-12m"	8	7	6	5	4
"1999"	"0-3m"	8	7	6	5	4
"1999"	"0-3m"	8	7	6	5	4
"1999"	"0-3m"	8	7	6	5	4
"1999"	"0-3m"	8	7	6	5	4
"1999"	"0-3m"	8	7	6	5	4
"1999"	"0-3m"	8	7	6	5	4
"1999"	"0-3m"	8	7	6	5	4
"1999"	"0-3m"	8	7	6	5	4
"1999"	"3-6m"	8	7	6	5	4
"1999"	"3-6m"	8	7	6	5	4
"1999"	"3-6m"	8	7	6	5	4
"1999"	"3-6m"	8	7	6	5	4
"1999"	"3-6m"	8	7	6	5	4
"1999"	"3-6m"	8	7	6	5	4
"1999"	"3-6m"	8	7	6	5	4
"1999"	"3-6m"	8	7	6	5	4
"1999"	"6-12m"	8	7	6	5	4
"1999"	"6-12m"	8	7	6	5	4
"1999"	"6-12m"	8	7	6	5	4
"1999"	"6-12m"	8	7	6	5	4
"1999"	"6-12m"	8	7	6	5	4
"1999"	"6-12m"	8	7	6	5	4
"1999"	"6-12m"	8	7	6	5	4
"1999"	"6-12m"	8	7	6	5	4
"2000"	"0-3m"	8	7	6	5	4
"2000"	"0-3m"	8	7	6	5	4
"2000"	"0-3m"	8	7	6	5	4
"2000"	"0-3m"	8	7	6	5	4
"2000"	"0-3m"	8	7	6	5	4
"2000"	"0-3m"	8	7	6	5	4
"2000"	"0-3m"	8	7	6	5	4
"2000"	"0-3m"	8	7	6	5	4
"2000"	"0-3m"	8	7	6	5	4
"2000"	"3-6m"	8	7	6	5	4
"2000"	"3-6m"	8	7	6	5	4
"2000"	"3-6m"	8	7	6	5	4
"2000"	"3-6m"	8	7	6	5	4
"2000"	"3-6m"	8	7	6	5	4
"2000"	"3-6m"	8	7	6	5	4
"2000"	"3-6m"	8	7	6	5	4
"2000"	"6-12m"	8	7	6	5	4
"2000"	"6-12m"	8	7	6	5	4
"2000"	"6-12m"	8	7	6	5	4
"2000"	"6-12m"	8	7	6	5	4
"2000"	"6-12m"	8	7	6	5	4
"2000"	"6-12m"	8	7	6	5	4
"2000"	"6-12m"	8	7	6	5	4
"2000"	"6-12m"	8	7	6	5	4
"2001"	"0-3m"	8	7	6	5	4
"2001"	"0-3m"	8	7	6	5	4
"2001"	"0-3m"	8	7	6	5	4
"2001"	"0-3m"	8	7	6	5	4
"2001"	"0-3m"	8	7	6	5	4
"2001"	"0-3m"	8	7	6	5	4
"2001"	"0-3m"	8	7	6	5	4
"2001"	"0-3m"	8	7	6	5	4
"2001"	"3-6m"	8	7	6	5	4
"2001"	"3-6m"	8	7	6	5	4
"2001"	"3-6m"	8	7	6	5	4
"2001"	"3-6m"	8	7	6	5	4
"2001"	"3-6m"	8	7	6	5	4
"2001"	"3-6m"	8	7	6	5	4
"2001"	"3-6m"	8	7	6	5	4
"2001"	"3-6m"	8	7	6	5	4
"2001"	"6-12m"	8	7	6	5	4
"2001"	"6-12m"	8	7	6	5	4
"2001"	"6-12m"	8	7	6	5	4
"2001"	"6-12m"	8	7	6	5	4
"2001"	"6-12m"	8	7	6	5	4
"2001"	"6-12m"	8	7	6	5	4
"2001"	"6-12m"	8	7	6	5	4
"2001"	"6-12m"	8	7	6	5	4
"2002"	"0-3m"	8	7	6	5	4
"2002"	"0-3m"	8	7	6	5	4
"2002"	"0-3m"	8	7	6	5	4
"2002"	"0-3m"	8	7	6	5	4
"2002"	"0-3m"	8	7	6	5	4
"2002"	"0-3m"	8	7	6	5	4
"2002"	"0-3m"	8	7	6	5	4
"2002"	"0-3m"	8	7	6	5	4
"2002"	"3-6m"	8	7	6	5	4
"2002"	"3-6m"	8	7	6	5	4
"2002"	"3-6m"	8	7	6	5	4
"2002"	"3-6m"	8	7	6	5	4
"2002"	"3-6m"	8	7	6	5	4
"2002"	"3-6m"	8	7	6	5	4
"2002"	"3-6m"	8	7	6	5	4
"2002"	"3-6m"	8	7	6	5	4
"2002"	"6-12m"	8	7	6	5	4
"2002"	"6-12m"	8	7	6	5	4
"2002"	"6-12m"	8	7	6	5	4
"2002"	"6-12m"	8	7	6	5	4
"2002"	"6-12m"	8	7	6	5	4
"2002"	"6-12m"	8	7	6	5	4
"2002"	"6-12m"	8	7	6	5	4
"2002"	"6-12m"	8	7	6	5	4
"2003"	"0-3m"	8	7	6	5	4
"2003"	"0-3m"	8	7	6	5	4
"2003"	"0-3m"	8	7	6	5	4
"2003"	"0-3m"	8	7	6	5	4
"2003"	"0-3m"	8	7	6	5	4
"2003"	"0-3m"	8	7	6	5	4
"2003"	"0-3m"	8	7	6	5	4
"2003"	"0-3m"	8	7	6	5	4
"2003"	"3-6m"	8	7	6	5	4
"2003"	"3-6m"	8	7	6	5	4
"2003"	"3-6m"	8	7	6	5	4
"2003"	"3-6m"	8	7	6	5	4
"2003"	"3-6m"	8	7	6	5	4
"2003"	"3-6m"	8	7	6	5	4
"2003"	"3-6m"	8	7	6	5	4
"2003"	"3-6m"	8	7	6	5	4
"2003"	"6-12m"	8	7	6	5	4
"2003"	"6-12m"	8	7	6	5	4
"2003"	"6-12m"	8	7	6	5	4
"2003"	"6-12m"	8	7	6	5	4
"2003"	"6-12m"	8	7	6	5	4
"2003"	"6-12m"	8	7	6	5	4
"2003"	"6-12m"	8	7	6	5	4
"2003"	"6-12m"	8	7	6	5	4
"2004"	"0-3m"	8	7	6	5	4
"2004"	"0-3m"	8	7	6	5	4
"2004"	"0-3m"	8	7	6	5	4
"2004"	"0-3m"	8	7	6	5	4
"2004"	"0-3m"	8	7	6	5	4
"2004"	"0-3m"	8	7	6	5	4
"2004"	"0-3m"	8	7	6	5	4
"2004"	"0-3m"	8	7	6	5	4
"2004"	"3-6m"	8	7	6	5	4
"2004"	"3-6m"	8	7	6	5	4
"2004"	"3-6m"	8	7	6	5	4
"2004"	"3-6m"	8	7	6	5	4
"2004"	"3-6m"	8	7	6	5	4
"2004"	"3-6m"	8	7	6	5	4
"2004"	"3-6m"	8	7	6	5	4
"2004"	"3-6m"	8	7	6	5	4
"2004"	"6-12m"	8	7	6	5	4
"2004"	"6-12m"	8	7	6	5	4
"2004"	"6-12m"	8	7	6	5	4
"2004"	"6-12m"	8	7	6	5	4
"2004"	"6-12m"	8	7	6	5	4
"2004"	"6-12m"	8	7	6	5	4
"2004"	"6-12m"	8	7	6	5	4
"2004"	"6-12m"	8	7	6	5	4
"2005"	"0-3m"	8	7	6	5	4
"2005"	"0-3m"	8	7	6	5	4
"2005"	"0-3m"	8	7	6	5	4
"2005"	"0-3m"	8	7	6	5	4
"2005"	"0-3m"	8	7	6	5	4
"2005"	"0-3m"	8	7	6	5	4
"2005"	"0-3m"	8	7	6	5	4
"2005"	"0-3m"	8	7	6	5	4
"2005"	"3-6m"	8	7	6	5	4
"2005"	"3-6m"	8	7	6	5	4
"2005"	"3-6m"	8	7	6	5	4
"2005"	"3-6m"	8	7	6	5	4
"2005"	"3-6m"	8	7	6	5	4
"2005"	"3-6m"	8	7	6	5	4
"2005"	"3-6m"	8	7	6	5	4
"2005"	"3-6m"	8	7	6	5	4
"2005"	"6-12m"	8	7	6	5	4
"2005"	"6-12m"	8	7	6	5	4
"2005"	"6-12m"	8	7	6	5	4
"2005"	"6-12m"	8	7	6	5	4
"2005"	"6-12m"	8	7	6	5	4
"2005"	"6-12m"	8	7	6	5	4
"2005"	"6-12m"	8	7	6	5	4
"2005"	"6-12m"	8	7	6	5	4
"2006"	"0-3m"	8	7	6	5	4
"2006"	"0-3m"	8	7	6	5	4
"2006"	"0-3m"	8	7	6	5	4
"2006"	"0-3m"	8	7	6	5	4
"2006"	"0-3m"	8	7	6	5	4
"2006"	"0-3m"	8	7	6	5	4
"2006"	"0-3m"	8	7	6	5	4
"2006"	"0-3m"	8	7	6	5	4
"2006"	"3-6m"	8	7	6	5	4
"2006"	"3-6m"	8	7	6	5	4
"2006"	"3-6m"	8	7	6	5	4
"2006"	"3-6m"	8	7	6	5	4
"2006"	"3-6m"	8	7	6	5	4
"2006"	"3-6m"	8	7	6	5	4
"2006"	"3-6m"	8	7	6	5	4
"2006"	"3-6m"	8	7	6	5	4
"2006"	"6-12m"	8	7	6	5	4
"2006"	"6-12m"	8	7	6	5	4
"2006"	"6-12m"	8	7	6	5	4
"2006"	"6-12m"	8	7	6	5	4
"2006"	"6-12m"	8	7	6	5	4
"2006"	"6-12m"	8	7	6	5	4
"2006"	"6-12m"	8	7	6	5	4
"2006"	"6-12m"	8	7	6	5	4
"2007"	"0-3m"	8	7	6	5	4
"2007"	"0-3m"	8	7	6	5	4
"2007"	"0-3m"	8	7	6	5	4
"2007"	"0-3m"	8	7	6	5	4
"2007"	"0-3m"	8	7	6	5	4
"2007"	"0-3m"	8	7	6	5	4
"2007"	"0-3m"	8	7	6	5	4
"2007"	"0-3m"	8	7	6	5	4
"2007"	"3-6m"	8	7	6	5	4
"2007"	"3-6m"	8	7	6	5	4
"2007"	"3-6m"	8	7	6	5	4
"2007"	"3-6m"	8	7	6	5	4
"2007"	"3-6m"	8	7	6	5	4
"2007"	"3-6m"	8	7	6	5	4
"2007"	"3-6m"	8	7	6	5	4
"2007"	"3-6m"	8	7	6	5	4
"2007"	"6-12m"	8	7	6	5	4
"2007"	"6-12m"	8	7	6	5	4
"2007"	"6-12m"	8	7	6	5	4
"2007"	"6-12m"	8	7	6	5	4
"2007"	"6-12m"	8	7	6	5	4
"2007"	"6-12m"	8	7	6	5	4
"2007"	"6-12m"	8	7	6	5	4
"2007"	"6-12m"	8	7	6	5	4
"2008"	"0-3m"	8	7	6	5	4
"2008"	"0-3m"	8	7	6	5	4
"2008"	"0-3m"	8	7	6	5	4
"2008"	"0-3m"	8	7	6	5	4
"2008"	"0-3m"	8	7	6	5	4
"2008"	"0-3m"	8	7	6	5	4
"2008"	"0-3m"	8	7	6	5	4
"2008"	"0-3m"	8	7	6	5	4
"2008"	"3-6m"	8	7	6	5	4
"2008"	"3-6m"	8	7	6	5	4
"2008"	"3-6m"	8	7	6	5	4
"2008"	"3-6m"	8	7	6	5	4
"2008"	"3-6m"	8	7	6	5	4
"2008"	"3-6m"	8	7	6	5	4
"2008"	"3-6m"	8	7	6	5	4
"2008"	"3-6m"	8	7	6	5	4
"2008"	"6-12m"	8	7	6	5	4
"2008"	"6-12m"	8	7	6	5	4
"2008"	"6-12m"	8	7	6	5	4
"2008"	"6-12m"	8	7	6	5	4
"2008"	"6-12m"	8	7	6	5	4
"2008"	"6-12m"	8	7	6	5	4
"2008"	"6-12m"	8	7	6	5	4
"2008"	"6-12m"	8	7	6	5	4
"2009"	"0-3m"	8	7	6	5	4
"2009"	"0-3m"	8	7	6	5	4
"2009"	"0-3m"	8	7	6	5	4
"2009"	"0-3m"	8	7	6	5	4
"2009"	"0-3m"	8	7	6	5	4
"2009"	"0-3m"	8	7	6	5	4
"2009"	"0-3m"	8	7	6	5	4
"2009"	"0-3m"	8	7	6	5	4
"2009"	"3-6m"	8	7	6	5	4
"2009"	"3-6m"	8	7	6	5	4
"2009"	"3-6m"	8	7	6	5	4
"2009"	"3-6m"	8	7	6	5	4
"2009"	"3-6m"	8	7	6	5	4
"2009"	"3-6m"	8	7	6	5	4
"2009"	"3-6m"	8	7	6	5	4
"2009"	"3-6m"	8	7	6	5	4
"2009"	"6-12m"	8	7	6	5	4
"2009"	"6-12m"	8	7	6	5	4
"2009"	"6-12m"	8	7	6	5	4
"2009"	"6-12m"	8	7	6	5	4
"2009"	"6-12m"	8	7	6	5	4
"2009"	"6-12m"	8	7	6	5	4
"2009"	"6-12m"	8	7	6	5	4
"2009"	"6-12m"	8	7	6	5	4
"2010"	"0-3m"	8	7	6	5	4
"2010"	"0-3m"	8	7	6	5	4
"2010"	"0-3m"	8	7	6	5	4
"2010"	"0-3m"	8	7	6	5	4
"2010"	"0-3m"	8	7	6	5	4
"2010"	"0-3m"	8	7	6	5	4
"2010"	"0-3m"	8	7	6	5	4
"2010"	"0-3m"	8	7	6	5	4
"2010"	"3-6m"	8	7	6	5	4
"2010"	"3-6m"	8	7	6	5	4
"2010"	"3-6m"	8	7	6	5	4
"2010"	"3-6m"	8	7	6	5	4
"2010"	"3-6m"	8	7	6	5	4
"2010"	"3-6m"	8	7	6	5	4
"2010"	"3-6m"	8	7	6	5	4
"2010"	"3-6m"	8	7	6	5	4
"2010"	"6-12m"	8	7	6	5	4
"2010"	"6-12m"	8	7	6	5	4
"2010"	"6-12m"	8	7	6	5	4
"2010"	"6-12m"	8	7	6	5	4
"2010"	"6-12m"	8	7	6	5	4
"2010"	"6-12m"	8	7	6	5	4
"2010"	"6-12m"	8	7	6	5	4
"2010"	"6-12m"	8	7	6	5	4
"2011"	"0-3m"	8	7	6	5	4
"2011"	"0-3m"	8	7	6	5	4
"2011"	"0-3m"	8	7	6	5	4
"2011"	"0-3m"	8	7	6	5	4
"2011"	"0-3m"	8	7	6	5	4
"2011"	"0-3m"	8	7	6	5	4
"2011"	"0-3m"	8	7	6	5	4
"2011"	"0-3m"	8	7	6	5	4
"2011"	"3-6m"	8	7	6	5	4
"2011"	"3-6m"	8	7	6	5	4
"2011"	"3-6m"	8	7	6	5	4
"2011"	"3-6m"	8	7	6	5	4
"2011"	"3-6m"	8	7	6	5	4
"2011"	"3-6m"	8	7	6	5	4
"2011"	"3-6m"	8	7	6	5	4
"2011"	"3-6m"	8	7	6	5	4
"2011"	"6-12m"	8	7	6	5	4
"2011"	"6-12m"	8	7	6	5	4
"2011"	"6-12m"	8	7	6	5	4
"2011"	"6-12m"	8	7	6	5	4
"2011"	"6-12m"	8	7	6	5	4
"2011"	"6-12m"	8	7	6	5	4
"2011"	"6-12m"	8	7	6	5	4
"2011"	"6-12m"	8	7	6	5	4
"2012"	"0-3m"	8	7	6	5	4
"2012"	"0-3m"	8	7	6	5	4
"2012"	"0-3m"	8	7	6	5	4
"2012"	"0-3m"	8	7	6	5	4
"2012"	"0-3m"	8	7	6	5	4
"2012"	"0-3m"	8	7	6	5	4
"2012"	"0-3m"	8	7	6	5	4
"2012"	"0-3m"	8	7	6	5	4
"2012"	"3-6m"	8	7	6	5	4
"2012"	"3-6m"	8	7	6	5	4
"2012"	"3-6m"	8	7	6	5	4
"2012"	"3-6m"	8	7	6	5	4
"2012"	"3-6m"	8	7	6	5	4
"2012"	"3-6m"	8	7	6	5	4
"2012"	"3-6m"	8	7	6	5	4
"2012"	"3-6m"	8	7	6	5	4
"2012"	"6-12m"	8	7	6	5	4
"2012"	"6-12m"	8	7	6	5	4
"2012"	"6-12m"	8	7	6	5	4
"2012"	"6-12m"	8	7	6	5	4
"2012"	"6-12m"	8	7	6	5	4
"2012"	"6-12m"	8	7	6	5	4
"2012"	"6-12m"	8	7	6	5	4
"2012"	"6-12m"	8	7	6	5	4
"2013"	"0-3m"	8	7	6	5	4
"2013"	"0-3m"	8	7	6	5	4
"2013"	"0-3m"	8	7	6	5	4
"2013"	"0-3m"	8	7	6	5	4
"2013"	"0-3m"	8	7	6	5	4
"2013"	"0-3m"	8	7	6	5	4
"2013"	"0-3m"	8	7	6	5	4
"2013"	"0-3m"	8	7	6	5	4
"2013"	"3-6m"	8	7	6	5	4
"2013"	"3-6m"	8	7	6	5	4
"2013"	"3-6m"	8	7	6	5	4
"2013"	"3-6m"	8	7	6	5	4
"2013"	"3-6m"	8	7	6	5	4
"2013"	"3-6m"	8	7	6	5	4
"2013"	"3-6m"	8	7	6	5	4
"2013"	"3-6m"	8	7	6	5	4
"2013"	"6-12m"	8	7	6	5	4
"2013"	"6-12m"	8	7	6	5	4
"2013"	"6-12m"	8	7	6	5	4
"2013"	"6-12m"	8	7	6	5	4
"2013"	"6-12m"	8	7	6	5	4
"2013"	"6-12m"	8	7	6	5	4
"2013"	"6-12m"	8	7	6	5	4
"2013"	"6-12m"	8	7	6	5	4
"2014"	"0-3m"	8	7	6	5	4
"2014"	"0-3m"	8	7	6	5	4
"2014"	"0-3m"	8	7	6	5	4
"2014"	"0-3m"	8	7	6	5	4
"2014"	"0-3m"	8	7	6	5	4
"2014"	"0-3m"	8	7	6	5	4
"2014"	"0-3m"	8	7	6	5	4
"2014"	"0-3m"	8	7	6	5	4
"2014"	"3-6m"	8	7	6	5	4
"2014"	"3-6m"	8	7	6	5	4
"2014"	"3-6m"	8	7	6	5	4
"2014"	"3-6m"	8	7	6	5	4
"2014"	"3-6m"	8	7	6	5	4
"2014"	"3-6m"	8	7	6	5	4
"2014"	"3-6m"	8	7	6	5	4
"2014"	"3-6m"	8	7	6	5	4
"2014"	"6-12m"	8	7	6	5	4
"2014"	"6-12m"	8	7	6	5	4
"2014"	"6-12m"	8	7	6	5	4
"2014"	"6-12m"	8	7	6	5	4
"2014"	"6-12m"	8	7	6	5	4
"2014"	"6-12m"	8	7	6	5	4
"2014"	"6-12m"	8	7	6	5	4
"2014"	"6-12m"	8	7	6	5	4
"2015"	"0-3m"	8	7	6	5	4
"2015"	"0-3m"	8	7	6	5	4
"2015"	"0-3m"	8	7	6	5	4
"2015"	"0-3m"	8	7	6	5	4
"2015"	"0-3m"	8	7	6	5	4
"2015"	"0-3m"	8	7	6	5	4
"2015"	"0-3m"	8	7	6	5	4
"2015"	"0-3m"	8	7	6	5	4
"2015"	"3-6m"	8	7	6	5	4
"2015"	"3-6m"	8	7	6	5	4
"2015"	"3-6m"	8	7	6	5	4
"2015"	"3-6m"	8	7	6	5	4
"2015"	"3-6m"	8	7	6	5	4
"2015"	"3-6m"	8	7	6	5	4
"2015"	"3-6m"	8	7	6	5	4
"2015"	"3-6m"	8	7	6	5	4
"2015"	"6-12m"	8	7	6	5	4
"2015"	"6-12m"	8	7	6	5	4
"2015"	"6-12m"	8	7	6	5	4
"2015"	"6-12m"	8	7	6	5	4
"2015"	"6-12m"	8	7	6	5	4
"2015"	"6-12m"	8	7	6	5	4
"2015"	"6-12m"	8	7	6	5	4
"2015"	"6-12m"	8	7	6	5	4
"2016"	"0-3m"	8	7	6	5	4
"2016"	"0-3m"	8	7	6	5	4
"2016"	"0-3m"	8	7	6	5	4
"2016"	"0-3m"	8	7	6	5	4
"2016"	"0-3m"	8	7	6	5	4
"2016"	"0-3m"	8	7	6	5	4
"2016"	"0-3m"	8	7	6	5	4
"2016"	"0-3m"	8	7	6	5	4
"2016"	"3-6m"	8	7	6	5	4
"2016"	"3-6m"	8	7	6	5	4
"2016"	"3-6m"	8	7	6	5	4
"2016"	"3-6m"	8	7	6	5	4
"2016"	"3-6m"	8	7	6	5	4
"2016"	"3-6m"	8	7	6	5	4
"2016"	"3-6m"	8	7	6	5	4
"2016"	"3-6m"	8	7	6	5	4
"2016"	"3-6m"	8	7	6	5	4
"2016"	"6-12m"	8	7	6	5	4
"2016"	"6-12m"	8	7	6	5	4
"2016"	"6-12m"	8	7	6	5	4
"2016"	"6-12m"	8	7	6	5	4
"2016"	"6-12m"	8	7	6	5	4
"2016"	"6-12m"	8	7	6	5	4
"2016"	"6-12m"	8	7	6	5	4
"2017"	"0-3m"	8	7	6	5	4
"2017"	"0-3m"	8	7	6	5	4
"2017"	"0-3m"	8	7	6	5	4
"2017"	"0-3m"	8	7	6	5	4
"2017"	"0-3m"	8	7	6	5	4
"2017"	"0-3m"	8	7	6	5	4
"2017"	"0-3m"	8	7	6	5	4
"2017"	"0-3m"	8	7	6	5	4
"2017"	"3-6m"	8	7	6	5	4
"2017"	"3-6m"	8	7	6	5	4
"2017"	"3-6m"	8	7	6	5	4
"2017"	"3-6m"	8	7	6	5	4
"2017"	"3-6m"	8	7	6	5	4
"2017"	"3-6m"	8	7	6	5	4
"2017"	"3-6m"	8	7	6	5	4
"2017"	"6-12m"	8	7	6	5	4
"2017"	"6-12m"	8	7	6	5	4
"2017"	"6-12m"	8	7	6	5	4
"2017"	"6-12m"	8	7	6	5	4
"2017"	"6-12m"	8	7	6	5	4
"2017"	"6-12m"	8	7	6	5	4
"2017"	"6-12m"	8	7	6	5	4
"2017"	"6-12m"	8	7	6	5	4
"2018"	"0-3m"	8	7	6	5	4
"2018"	"0-3m"	8	7	6	5	4
"2018"	"0-3m"	8	7	6	5	4
"2018"	"0-3m"	8	7	6	5	4
"2018"	"0-3m"	8	7	6	5	4
"2018"	"0-3m"	8	7	6	5	4
"2018"	"0-3m"	8	7	6	5	4
"2018"	"0-3m"	8	7	6	5	4
"2018"	"3-6m"	8	7	6	5	4
"2018"	"3-6m"	8	7	6	5	4
"2018"	"3-6m"	8	7	6	5	4
"2018"	"3-6m"	8	7	6	5	4
"2018"	"3-6m"	8	7	6	5	4
"2018"	"3-6m"	8	7	6	5	4
"2018"	"3-6m"	8	7	6	5	4
"2018"	"3-6m"	8	7	6	5	4
"2018"	"3-6m"	8	7	6	5	4
"2018"	"6-12m"	8	7	6	5	4
"2018"	"6-12m"	8	7	6	5	4
"2018"	"6-12m"	8	7	6	5	4
"2018"	"6-12m"	8	7	6	5	4
"2018"	"6-12m"	8	7	6	5	4
"2018"	"6-12m"	8	7	6	5	4
"2018"	"6-12m"	8	7	6	5	4
"2019"	"0-3m"	8	7	6	5	4
"2019"	"0-3m"	8	7	6	5	4
"2019"	"0-3m"	8	7	6	5	4
"2019"	"0-3m"	8	7	6	5	4
"2019"	"0-3m"	8	7	6	5	4
"2019"	"0-3m"	8	7	6	5	4
"2019"	"0-3m"	8	7	6	5	4
"2019"	"0-3m"	8	7	6	5	4
"2019"	"3-6m"	8	7	6	5	4
"2019"	"3-6m"	8	7	6	5	4
"2019"	"3-6m"	8	7	6	5	4
"2019"	"3-6m"	8	7	6	5	4
"2019"	"3-6m"	8	7	6	5	4
"2019"	"3-6m"	8	7	6	5	4
"2019"	"3-6m"	8	7	6	5	4
"2019"	"3-6m"	8	7	6	5	4
"2019"	"6-12m"	8	7	6	5	4
"2019"	"6-12m"	8	7	6	5	4
"2019"	"6-12m"	8	7	6	5	4
"2019"	"6-12m"	8	7	6	5	4
"2019"	"6-12m"	8	7	6	5	4
"2019"	"6-12m"	8	7	6	5	4
"2019"	"6-12m"	8	7	6	5	4
"2019"	"6-12m"	8	7	6	5	4
"2020"	"0-3m"	8	7	6	5	4
"2020"	"0-3m"	8	7	6	5	4
"2020"	"0-3m"	8	7	6	5	4
"2020"	"0-3m"	8	7	6	5	4
"2020"	"0-3m"	8	7	6	5	4
"2020"	"0-3m"	8	7	6	5	4
"2020"	"0-3m"	8	7	6	5	4
"2020"	"0-3m"	8	7	6	5	4
"2020"	"3-6m"	8	7	6	5	4
"2020"	"3-6m"	8	7	6	5	4
"2020"	"3-6m"	8	7	6	5	4
"2020"	"3-6m"	8	7	6	5	4
"2020"	"3-6m"	8	7	6	5	4
"2020"	"3-6m"	8	7	6	5	4
"2020"	"3-6m"	8	7	6	5	4
"2020"	"3-6m"	8	7	6	5	4
"2020"	"6-12m"	8	7	6	5	4
"2020"	"6-12m"	8	7	6	5	4
"2020"	"6-12m"	8	7	6	5	4
"2020"	"6-12m"	8	7	6	5	4
"2020"	"6-12m"	8	7	6	5	4
"2020"	"6-12m"	8	7	6	5	4
"2020"	"6-12m"	8	7	6	5	4
"2020"	"6-12m"	8	7	6	5	4
"2021"	"0-3m"	8	7	6	5	4
"2021"	"0-3m"	8	7	6	5	4
"2021"	"0-3m"	8	7	6	5	4
"2021"	"0-3m"	8	7	6	5	4
"2021"	"0-3m"	8	7	6	5	4
"2021"	"0-3m"	8	7	6	5	4
"2021"	"0-3m"	8	7	6	5	4
"2021"	"0-3m"	8	7	6	5	4
"2021"	"3-6m"	8	7	6	5	4
"2021"	"3-6m"	8	7	6	5	4
"2021"	"3-6m"	8	7	6	5	4
"2021"	"3-6m"	8	7	6	5	4
"2021"	"3-6m"	8	7	6	5	4
"2021"	"3-6m"	8	7	6	5	4
"2021"	"3-6m"	8	7	6	5	4
"2021"	"3-6m"	8	7	6	5	4
"2021"	"3-6m"	8	7	6	5	4
"2021"	"3-6m"	8	7	6	5	4
"2021"	"6-12m"	8	7	6	5	4
"2021"	"6-12m"	8	7	6	5	4
"2021"	"6-12m"	8	7	6	5	4
"2021"	"6-12m"	8	7	6	5	4
"2021"	"6-12m"	8	7	6	5	4
"2021"	"6-12m"	8	7	6	5	4
